77    0.000000    0.000000    0.000000
77    1.370726    2.374168    0.000000
77    2.741453    4.748336    0.000000
77    4.112180    7.122504    0.000000
77    5.482906    9.496672    0.000000
77    6.853633    11.870840    0.000000
77    8.224360    14.245008    0.000000
77    9.595085    16.619177    0.000000
77    10.965812    18.993343    0.000000
77    2.741453    0.000000    0.000000
77    4.112179    2.374168    0.000000
77    5.482906    4.748336    0.000000
77    6.853633    7.122504    0.000000
77    8.224359    9.496672    0.000000
77    9.595086    11.870840    0.000000
77    10.965813    14.245008    0.000000
77    12.336538    16.619177    0.000000
77    13.707265    18.993343    0.000000
77    5.482906    0.000000    0.000000
77    6.853632    2.374168    0.000000
77    8.224359    4.748336    0.000000
77    9.595085    7.122504    0.000000
77    10.965812    9.496672    0.000000
77    12.336538    11.870840    0.000000
77    13.707266    14.245008    0.000000
77    15.077991    16.619177    0.000000
77    16.448717    18.993343    0.000000
77    8.224360    0.000000    0.000000
77    9.595086    2.374168    0.000000
77    10.965813    4.748336    0.000000
77    12.336539    7.122504    0.000000
77    13.707266    9.496672    0.000000
77    15.077992    11.870840    0.000000
77    16.448719    14.245008    0.000000
77    17.819445    16.619177    0.000000
77    19.190170    18.993343    0.000000
77    10.965812    0.000000    0.000000
77    12.336538    2.374168    0.000000
77    13.707265    4.748336    0.000000
77    15.077991    7.122504    0.000000
77    16.448717    9.496672    0.000000
77    17.819445    11.870840    0.000000
77    19.190170    14.245008    0.000000
77    20.560898    16.619177    0.000000
77    21.931623    18.993343    0.000000
77    13.707266    0.000000    0.000000
77    15.077992    2.374168    0.000000
77    16.448719    4.748336    0.000000
77    17.819447    7.122504    0.000000
77    19.190172    9.496672    0.000000
77    20.560898    11.870840    0.000000
77    21.931625    14.245008    0.000000
77    23.302351    16.619177    0.000000
77    24.673077    18.993343    0.000000
77    16.448719    0.000000    0.000000
77    17.819445    2.374168    0.000000
77    19.190172    4.748336    0.000000
77    20.560898    7.122504    0.000000
77    21.931625    9.496672    0.000000
77    23.302353    11.870840    0.000000
77    24.673079    14.245008    0.000000
77    26.043804    16.619177    0.000000
77    27.414532    18.993343    0.000000
77    19.190170    0.000000    0.000000
77    20.560896    2.374168    0.000000
77    21.931623    4.748336    0.000000
77    23.302349    7.122504    0.000000
77    24.673077    9.496672    0.000000
77    26.043804    11.870840    0.000000
77    27.414530    14.245008    0.000000
77    28.785255    16.619177    0.000000
77    30.155983    18.993343    0.000000
77    21.931623    0.000000    0.000000
77    23.302349    2.374168    0.000000
77    24.673077    4.748336    0.000000
77    26.043804    7.122504    0.000000
77    27.414530    9.496672    0.000000
77    28.785255    11.870840    0.000000
77    30.155983    14.245008    0.000000
77    31.526709    16.619177    0.000000
77    32.897434    18.993343    0.000000
77    1.370831    0.791417    2.191027
77    2.741027    3.165385    2.188509
77    4.111237    5.538826    2.184891
77    5.482132    7.912798    2.182761
77    6.853657    10.288050    2.182003
77    8.224910    12.663472    2.182770
77    9.595378    15.037680    2.184900
77    10.965724    17.411028    2.188493
77    12.336538    19.784609    2.191031
77    4.111846    0.791062    2.188492
77    5.481629    3.164797    2.185406
77    6.852139    5.538687    2.183118
77    8.223589    7.913507    2.181539
77    9.595038    10.288929    2.181538
77    10.965954    12.664044    2.183126
77    12.336538    15.037889    2.185407
77    13.707354    17.411028    2.188493
77    15.078232    19.784594    2.189581
77    6.852396    0.790983    2.184875
77    8.222723    3.164761    2.183120
77    9.594052    5.539130    2.181422
77    10.965556    7.914044    2.180930
77    12.336538    10.289246    2.181424
77    13.707124    12.664044    2.183126
77    15.077698    15.037680    2.184900
77    16.448431    17.411030    2.186167
77    17.818924    19.784752    2.186143
77    9.593742    0.791212    2.182753
77    10.965093    3.165036    2.181523
77    12.336539    5.539422    2.180926
77    13.707521    7.914044    2.180930
77    15.078039    10.288929    2.181538
77    16.448166    12.663472    2.182770
77    17.818401    15.037345    2.183526
77    19.188904    17.411327    2.183749
77    20.559591    19.785168    2.183491
77    12.336538    0.791368    2.181943
77    13.707983    3.165036    2.181523
77    15.079024    5.539130    2.181422
77    16.449488    7.913507    2.181539
77    17.819420    10.288050    2.182003
77    19.189144    12.662600    2.182288
77    20.559395    15.037106    2.182062
77    21.930298    17.411558    2.182042
77    23.301535    19.785425    2.182248
77    15.079334    0.791212    2.182753
77    16.450354    3.164761    2.183120
77    17.820938    5.538687    2.183118
77    19.190945    7.912798    2.182761
77    20.560678    10.287000    2.182286
77    21.930813    12.661783    2.181676
77    23.301699    15.036817    2.181379
77    24.673077    17.411537    2.181656
77    26.044621    19.785425    2.182248
77    17.820681    0.790983    2.184875
77    19.191448    3.164797    2.185406
77    20.561840    5.538826    2.184891
77    21.931896    7.912532    2.183519
77    23.302174    10.286427    2.182071
77    24.673077    12.661512    2.181390
77    26.044456    15.036817    2.181379
77    27.415855    17.411558    2.182042
77    28.786560    19.785168    2.183491
77    20.561230    0.791062    2.188492
77    21.932049    3.165385    2.188509
77    23.302589    5.539239    2.186172
77    24.673077    7.912419    2.183771
77    26.043978    10.286427    2.182071
77    27.415340    12.661783    2.181676
77    28.786758    15.037106    2.182062
77    30.157249    17.411327    2.183749
77    31.527229    19.784752    2.186143
77    23.302246    0.791417    2.191027
77    24.673077    3.165806    2.189615
77    26.043566    5.539239    2.186172
77    27.414257    7.912532    2.183519
77    28.785475    10.287000    2.182286
77    30.157007    12.662600    2.182288
77    31.527752    15.037345    2.183526
77    32.897724    17.411030    2.186167
77    34.267921    19.784594    2.189581
77    2.743564    1.583977    4.367984
77    4.113154    3.958312    4.363853
77    5.482419    6.331234    4.358104
77    6.853001    8.705205    4.354341
77    8.224118    11.080045    4.354330
77    9.594744    13.453997    4.358086
77    10.965104    15.826268    4.363841
77    12.336538    18.199514    4.368002
77    13.708793    20.575224    4.369402
77    5.484588    1.582911    4.363822
77    6.853415    3.956801    4.358538
77    8.223515    6.330775    4.353865
77    9.594690    8.705514    4.352279
77    10.965673    11.080354    4.353855
77    12.336538    13.453888    4.358529
77    13.707972    15.826268    4.363841
77    15.079949    18.199986    4.366785
77    16.451395    20.575392    4.366769
77    8.224230    1.582262    4.358088
77    9.594391    3.956350    4.353866
77    10.965422    6.330884    4.351619
77    12.336538    8.705726    4.351621
77    13.707403    11.080354    4.353855
77    15.078333    13.453997    4.358086
77    16.449757    15.827070    4.361624
77    17.821001    18.201061    4.362866
77    19.191332    20.575558    4.361630
77    10.965448    1.582244    4.354326
77    12.336538    3.956489    4.352277
77    13.707655    6.330884    4.351619
77    15.078386    8.705514    4.352279
77    16.448957    11.080045    4.354330
77    17.819485    13.454139    4.356799
77    19.190136    15.828020    4.357896
77    20.560707    18.201883    4.357899
77    21.931223    20.575811    4.356811
77    13.707627    1.582244    4.354326
77    15.078687    3.956350    4.353866
77    16.449562    6.330775    4.353865
77    17.820076    8.705205    4.354341
77    19.190422    11.079599    4.354788
77    20.560644    13.453957    4.354811
77    21.931055    15.828144    4.354753
77    23.301952    18.202019    4.354822
77    24.673077    20.575842    4.354745
77    16.448847    1.582262    4.358088
77    17.819662    3.956801    4.358538
77    19.190657    6.331234    4.358104
77    20.561356    8.705068    4.356822
77    21.931767    11.079094    4.354832
77    23.302174    13.453547    4.353644
77    24.673077    15.828022    4.353638
77    26.044201    18.202019    4.354822
77    27.414930    20.575811    4.356811
77    19.188490    1.582911    4.363822
77    20.559923    3.958312    4.363853
77    21.931507    6.332374    4.361645
77    23.302515    8.705152    4.357915
77    24.673075    11.078806    4.354761
77    26.043978    13.453547    4.353644
77    27.415100    15.828144    4.354753
77    28.785446    18.201883    4.357899
77    30.154819    20.575558    4.361630
77    21.929512    1.583977    4.367984
77    23.301624    3.959610    4.366800
77    24.673077    6.332896    4.362875
77    26.043636    8.705152    4.357915
77    27.414387    11.079094    4.354832
77    28.785509    13.453957    4.354811
77    30.156017    15.828020    4.357896
77    31.525150    18.201061    4.362866
77    32.894760    20.575392    4.366769
77    24.673077    1.584523    4.369408
77    26.044529    3.959610    4.366800
77    27.414646    6.332374    4.361645
77    28.784798    8.705068    4.356822
77    30.155731    11.079599    4.354788
77    31.526669    13.454139    4.356799
77    32.896397    15.827070    4.361624
77    34.266205    18.199986    4.366785
77    35.637360    20.575224    4.369402
77    0.000000    0.000041    6.553627
77    1.373906    2.379179    6.552889
77    2.746116    4.755249    6.549059
77    4.116266    7.127823    6.541838
77    5.485128    9.498377    6.535897
77    6.853265    11.868023    6.535911
77    8.221788    14.238784    6.541853
77    9.591449    16.611660    6.549041
77    10.963084    18.988104    6.552879
77    2.747348    0.000286    6.552877
77    4.119733    2.378555    6.550405
77    5.489489    4.753344    6.544164
77    6.858075    7.125447    6.536608
77    8.225936    9.495738    6.533770
77    9.594743    11.865505    6.536631
77    10.964779    14.236797    6.544170
77    12.336538    16.610428    6.550408
77    13.709992    18.988104    6.552879
77    5.491217    0.000627    6.549024
77    6.861236    2.377400    6.544147
77    8.229645    4.751400    6.536856
77    9.597333    7.123251    6.532108
77    10.966271    9.494326    6.532104
77    12.336538    11.864730    6.536859
77    13.708300    14.236797    6.544170
77    15.081629    16.611660    6.549041
77    16.455284    18.989559    6.550658
77    8.231019    0.000913    6.541816
77    9.599862    2.376551    6.536606
77    10.967587    4.749912    6.532102
77    12.336538    7.122499    6.530331
77    13.706804    9.494326    6.532104
77    15.078334    11.865505    6.536631
77    16.451288    14.238784    6.541853
77    17.824303    16.614492    6.544735
77    19.196632    18.991461    6.544727
77    10.968418    0.001103    6.535861
77    12.336538    2.376029    6.533769
77    13.705489    4.749912    6.532102
77    15.075744    7.123251    6.532108
77    16.447140    9.495738    6.533770
77    17.819811    11.868023    6.535911
77    19.192696    14.241878    6.537558
77    20.564560    16.617035    6.538010
77    21.935566    18.992725    6.537509
77    13.704659    0.001103    6.535861
77    15.073215    2.376551    6.536606
77    16.443432    4.751400    6.536856
77    17.815001    7.125447    6.536608
77    19.187948    9.498377    6.535897
77    20.560999    11.870892    6.534402
77    21.932692    14.244224    6.533152
77    23.303532    16.618608    6.533116
77    24.673077    18.993229    6.534337
77    16.442059    0.000913    6.541816
77    17.811842    2.377400    6.544147
77    19.183588    4.753344    6.544164
77    20.556810    7.127823    6.541838
77    21.930195    9.500393    6.537560
77    23.302231    11.872119    6.533168
77    24.673077    14.244983    6.531260
77    26.042622    16.618608    6.533116
77    27.410587    18.992725    6.537509
77    19.181862    0.000627    6.549024
77    20.553345    2.378555    6.550405
77    21.926960    4.755249    6.549059
77    23.300745    7.129038    6.544762
77    24.673077    9.500901    6.538052
77    26.043926    11.872119    6.533168
77    27.413464    14.244224    6.533152
77    28.781591    16.617035    6.538010
77    30.149523    18.991461    6.544727
77    21.925728    0.000286    6.552877
77    23.299170    2.379179    6.552889
77    24.673079    4.755930    6.550678
77    26.045406    7.129038    6.544762
77    27.415958    9.500393    6.537560
77    28.785154    11.870892    6.534402
77    30.153456    14.241878    6.537558
77    31.521847    16.614492    6.544735
77    32.890869    18.989559    6.550658
