scale Ang
cell  24
boundary 1

ngps 100
nscale 1

element  H   1s* 1 2p    | 0.9
element  O   2s* 2 2p* 4 | 1.3


ascale Ang
atoms
O       2.300   6.280   1.130
H       1.370   6.260   1.500
H       2.310   5.890   0.210
O       2.250   2.750  -8.660
H       2.600   2.580  -7.740
H       1.370   2.300  -8.780
O       0.190   3.680   6.470
H      -0.630   4.110   6.860
H      -0.090   2.950   5.840
O       5.690  -5.870  -6.970
H       4.760  -5.940  -7.340
H       5.800  -4.980  -6.530
O      -3.070  -3.510   7.030
H      -3.640  -3.670   7.840
H      -3.660  -3.410   6.230
O      -1.190   6.180   8.560
H      -0.860   7.120   8.560
H      -0.680   5.640   9.220
O      -7.270   7.030   7.170
H      -6.700   7.810   6.920
H      -7.870   7.290   7.930
O      -1.070   6.070   2.310
H      -1.190   5.940   1.320
H      -1.370   5.260   2.800
O       7.680  -7.180  -8.390
H       6.900  -7.010  -7.790
H       8.020  -6.310  -8.750
O       8.500   7.980  -0.390
H       8.460   8.740   0.260
H       8.720   8.340  -1.300
O       6.850  -8.500   6.650
H       7.540  -8.660   7.350
H       6.120  -7.930   7.030
O       6.860  -7.010  -0.590
H       7.460  -6.220  -0.450
H       6.000  -6.700  -1.000
O       3.350  -4.270  -8.010
H       2.570  -4.580  -8.540
H       3.930  -3.690  -8.580
O      -4.020  -3.570  -5.230
H      -3.780  -2.630  -4.970
H      -4.180  -4.110  -4.410
O       4.380   3.920  -3.630
H       5.200   3.360  -3.540
H       3.570   3.340  -3.590
O      -2.590   4.470   7.370
H      -3.330   4.930   6.870
H      -2.080   5.150   7.900
O       2.310  -1.490   4.830
H       2.650  -0.720   5.370
H       2.750  -1.490   3.930
O      -7.350  -5.210  -1.720
H      -6.880  -5.210  -0.840
H      -7.830  -6.080  -1.830
O       2.300  -4.280   5.380
H       2.040  -3.320   5.380
H       1.590  -4.820   5.830
O       2.400  -7.710   8.860
H       2.540  -8.550   9.380
H       1.850  -7.070   9.410
O       6.200  -0.760  -4.230
H       5.280  -0.930  -3.880
H       6.480   0.160  -3.970
O       6.060  -8.980   1.230
H       6.130  -8.140   0.690
H       6.520  -8.850   2.110
O      -2.680   1.140  -3.820
H      -2.860   1.810  -4.540
H      -2.710   1.600  -2.930
O       1.220   6.430   5.630
H       0.770   5.550   5.800
H       1.210   6.970   6.470
O      -0.200  -0.950   3.590
H       0.340  -1.240   4.390
H       0.100  -0.050   3.300
O       0.270  -2.660   1.170
H       0.080  -3.620   1.380
H      -0.060  -2.080   1.920
O      -1.730   9.220   6.120
H      -0.780   8.930   6.200
H      -1.810   9.870   5.370
O      -2.210  -7.540   4.320
H      -1.350  -7.520   3.800
H      -2.070  -7.070   5.200
O       1.130   7.370  -2.650
H       2.010   7.240  -2.200
H       1.000   8.340  -2.870
O       6.130  -4.970   7.260
H       5.640  -5.840   7.350
H       5.900  -4.540   6.390
O      -5.690  -6.340  -4.390
H      -5.320  -7.070  -4.970
H      -5.170  -6.290  -3.540
O       8.090   0.040   5.020
H       8.490   0.950   4.930
H       7.090   0.120   5.080
O       1.970  -8.860  -5.980
H       2.860  -9.310  -6.120
H       1.240  -9.510  -6.170
O      -3.370  -8.630   1.900
H      -4.000  -9.390   2.030
H      -2.890  -8.450   2.760
O      -6.750  -0.700  -2.460
H      -6.510  -0.100  -3.220
H      -6.680  -1.650  -2.760
O       3.170   2.510  -0.610
H       3.880   3.220  -0.550
H       2.290   2.900  -0.330
O      -3.960  -4.450  -9.090
H      -4.550  -4.390  -8.290
H      -4.110  -5.330  -9.550
O      -1.950  -1.480   5.720
H      -2.360  -1.710   4.840
H      -2.130  -2.220   6.370
O       5.980   7.290   2.700
H       6.220   7.980   2.020
H       5.200   7.620   3.240
O      -5.810   3.450  -9.180
H      -6.670   2.950  -9.310
H      -5.190   2.910  -8.620
O      -2.860  -2.000   3.070
H      -1.970  -1.540   3.100
H      -3.070  -2.240   2.120
O       8.070   6.050  -3.970
H       7.600   6.020  -3.080
H       7.560   5.500  -4.630
O      -4.680   4.690  -1.880
H      -4.880   5.120  -1.000
H      -3.900   4.070  -1.790
O      -8.890   8.900  -2.900
H      -8.430   8.060  -3.190
H      -9.450   9.240  -3.650
O      -8.710   4.100  -6.200
H      -9.480   4.440  -5.660
H      -9.050   3.590  -6.990
O      -8.210   7.010   4.290
H      -7.950   6.970   5.250
H      -9.060   6.500   4.150
O       0.760   8.110   7.890
H       1.750   7.990   7.980
H       0.520   9.060   8.100
O       1.300  -0.410  -2.910
H       1.200  -0.560  -1.920
H       0.440  -0.050  -3.270
O       8.650   3.480   1.950
H       9.240   4.110   1.460
H       8.840   2.540   1.660
O      -1.430   5.850  -0.310
H      -1.690   6.740  -0.670
H      -1.450   5.170  -1.040
O      -5.000  -7.180   5.450
H      -4.170  -7.470   4.970
H      -5.490  -6.510   4.890
O       5.500   1.960   8.850
H       5.450   1.910   9.850
H       5.520   2.920   8.560
O      -8.540  -4.060   4.770
H      -9.000  -3.340   4.250
H      -8.580  -3.860   5.750
O       3.510  -0.610   8.530
H       4.010  -1.470   8.590
H       4.160   0.160   8.500
O      -0.670  -7.960   8.730
H      -1.290  -8.110   7.970
H      -1.190  -7.850   9.580
O      -6.350  -3.120  -3.560
H      -6.290  -3.890  -2.920
H      -6.870  -3.380  -4.360
O       3.210  -9.190   2.420
H       4.030  -8.800   2.000
H       2.940 -10.010   1.930
O      -4.040   7.350   7.280
H      -4.090   6.700   8.030
H      -3.240   7.940   7.410
O       4.610  -5.960  -1.350
H       4.110  -5.950  -2.210
H       3.980  -6.140  -0.590
O      -7.510  -0.860   2.370
H      -8.110  -1.480   2.870
H      -7.200  -1.300   1.520
O       2.020   2.850  -3.640
H       1.220   3.450  -3.770
H       1.920   2.360  -2.780
O      -2.300  -4.850   0.810
H      -2.620  -3.910   0.710
H      -3.060  -5.480   0.690
O       4.640  -1.190   3.230
H       4.970  -0.800   4.090
H       5.400  -1.260   2.580
O      -4.620   1.070   4.260
H      -4.860   0.700   3.360
H      -3.630   1.230   4.300
O       2.490  -0.770  -6.210
H       3.060  -1.420  -5.710
H       2.330  -1.100  -7.140
O      -9.220  -1.640   9.040
H      -8.420  -2.210   9.250
H      -9.710  -2.040   8.270
O       3.820   7.000   4.800
H       4.270   6.100   4.770
H       2.880   6.890   5.130
O      -3.150   2.220  -1.330
H      -3.200   2.590  -0.410
H      -3.870   1.530  -1.450
O       6.140   1.220   1.170
H       7.120   1.000   1.240
H       5.830   1.050   0.240
O       7.810   2.640  -1.130
H       8.480   2.030  -0.700
H       7.080   2.830  -0.480
O       8.880  -3.480  -6.670
H       8.650  -3.730  -7.610
H       9.490  -4.170  -6.280
O      -5.110   5.900  -4.290
H      -4.830   5.470  -3.440
H      -4.860   6.860  -4.280
O       8.030  -4.600   9.240
H       8.930  -4.460   8.820
H       7.320  -4.580   8.530
O       9.220   5.030   8.990
H       8.970   4.940   8.030
H       9.700   4.210   9.300
O       5.390   0.640   5.120
H       4.580   0.650   5.700
H       5.420   1.470   4.570
O      -4.280  -6.740   0.410
H      -3.960  -7.500   0.980
H      -5.200  -6.470   0.710
O       2.970   0.350   1.710
H       3.460   1.190   1.500
H       3.590  -0.300   2.160
O      -9.270   2.360   4.800
H      -9.750   2.770   4.020
H      -8.280   2.340   4.610
O      -7.860   6.830  -3.980
H      -8.660   6.220  -3.950
H      -7.050   6.300  -4.220
O      -6.350  -2.920   7.930
H      -6.140  -2.180   7.280
H      -5.670  -2.920   8.660
O       4.590  -7.100   7.410
H       3.880  -7.370   8.060
H       4.330  -7.380   6.480
O      -5.910  -0.650   5.910
H      -5.470  -0.010   5.270
H      -6.410  -0.130   6.610
O      -8.300   5.490   0.160
H      -8.710   6.310  -0.230
H      -7.660   5.750   0.890
O       0.780   5.560  -4.760
H       1.700   5.550  -5.170
H       0.720   6.300  -4.090
O       5.610   2.220  -7.150
H       5.990   1.380  -6.780
H       4.730   2.410  -6.710
O       8.660   4.540   6.420
H       8.340   5.260   5.800
H       8.900   3.730   5.890
O      -8.450   0.390   7.530
H      -9.170   0.440   6.840
H      -8.690  -0.300   8.220
O      -4.330  -6.890   8.670
H      -4.880  -7.730   8.600
H      -4.070  -6.600   7.750
O      -3.960   5.900  -8.700
H      -4.260   4.950  -8.630
H      -3.230   6.060  -8.040
O      -0.050   8.330   3.770
H       0.370   7.690   4.410
H      -0.430   7.820   2.990
O       4.880  -4.770   1.740
H       4.010  -4.920   2.210
H       4.710  -4.510   0.790
O      -1.980  -5.820   6.570
H      -0.990  -5.740   6.710
H      -2.430  -4.980   6.880
O      -4.720   5.750   0.780
H      -5.260   5.540   1.590
H      -3.810   5.340   0.870
O       5.270   2.560   3.280
H       5.540   1.970   2.530
H       5.270   3.510   2.970
O      -1.080  -6.390  -2.740
H      -0.170  -6.780  -2.870
H      -1.000  -5.430  -2.500
O      -7.980  -5.150  -5.220
H      -8.780  -5.380  -4.670
H      -7.150  -5.410  -4.730
O      -2.700  -2.330  -2.370
H      -2.430  -1.990  -3.270
H      -1.910  -2.710  -1.910
O      -7.510  -6.670  -7.620
H      -7.910  -6.230  -6.810
H      -7.920  -6.300  -8.450
O      -2.240  -7.630  -7.830
H      -2.190  -6.820  -7.240
H      -3.100  -7.610  -8.340
O       9.150   0.890  -4.600
H       9.400   0.690  -5.550
H       9.870   1.450  -4.180
O      -8.820  -7.460  -1.430
H      -9.810  -7.400  -1.330
H      -8.590  -8.260  -1.990
O       7.050  -8.120   3.680
H       6.910  -8.050   4.670
H       7.890  -8.630   3.500
O       4.100   8.130  -6.110
H       4.960   8.250  -5.610
H       3.680   7.260  -5.840
O      -5.880   3.860  -6.000
H      -5.670   4.600  -5.360
H      -6.770   4.030  -6.430
O       0.640  -2.980  -5.310
H       0.180  -2.160  -5.650
H       1.620  -2.790  -5.220
O       3.670  -7.620   5.010
H       3.600  -6.790   4.450
H       3.710  -8.420   4.410
O       5.660   5.370   8.650
H       5.780   6.030   7.910
H       6.120   5.710   9.480
O      -6.100  -5.140   3.880
H      -5.600  -4.370   4.280
H      -7.050  -5.120   4.200
O      -5.900  -4.170  -7.200
H      -5.430  -4.040  -6.330
H      -6.560  -4.910  -7.110
O      -2.800   6.390   4.720
H      -3.110   7.000   5.450
H      -2.300   6.910   4.030
O       3.540  -3.520  -5.330
H       3.330  -3.960  -6.200
H       4.510  -3.260  -5.300
O       4.020   7.510  -2.640
H       4.700   8.060  -3.110
H       4.420   6.630  -2.370
O      -2.750   7.790  -1.920
H      -3.670   8.170  -1.970
H      -2.150   8.260  -2.570
O      -8.490   1.050  -0.920
H      -8.430   1.900  -1.440
H      -8.170   0.290  -1.490
O       5.040   0.500  -1.220
H       4.620  -0.070  -1.920
H       4.380   1.190  -0.900
O       5.730   8.700  -8.330
H       6.170   9.590  -8.420
H       5.100   8.700  -7.560
O      -5.020   8.620  -8.170
H      -5.770   8.620  -8.830
H      -4.650   7.700  -8.080
O      -6.530   5.250   2.750
H      -6.400   4.410   3.290
H      -6.820   5.990   3.350
O       3.070   2.130  -6.310
H       2.840   2.500  -5.410
H       2.770   1.180  -6.370
O       0.370  -5.520  -5.800
H       0.900  -6.010  -5.120
H       0.590  -4.540  -5.750
O       7.320   6.340  -7.980
H       7.910   6.080  -8.740
H       7.040   7.300  -8.090
O      -1.340  -9.270  -0.080
H      -1.800  -9.340  -0.970
H      -1.960  -8.830   0.580
O       3.070   0.630   6.180
H       2.960   1.570   6.510
H       3.020  -0.000   6.950
O      -2.400   3.670   3.740
H      -2.380   2.910   4.380
H      -2.880   4.440   4.140
O      -8.390   7.660  -8.960
H      -8.240   7.870  -8.000
H      -8.690   6.710  -9.050
O      -8.820  -2.890  -1.620
H      -9.020  -2.450  -2.500
H      -8.430  -3.800  -1.780
O      -0.030  -3.440  -2.570
H       0.110  -3.170  -3.520
H       0.800  -3.220  -2.040
O       3.500   8.980  -0.580
H       4.260   9.420  -0.100
H       3.850   8.510  -1.400
O      -3.220   2.740   1.250
H      -3.830   1.990   1.480
H      -3.000   3.260   2.080
O      -5.590   8.380   0.420
H      -5.250   7.450   0.570
H      -5.410   8.650  -0.530
O      -7.940  -5.290   8.490
H      -7.870  -6.130   7.940
H      -7.320  -4.600   8.130
O       3.190   8.100  -9.130
H       4.120   8.460  -9.080
H       3.130   7.250  -8.610
O       3.390   5.090  -8.560
H       2.870   4.260  -8.730
H       4.160   5.140  -9.200
O       5.110   4.150  -0.540
H       4.930   4.600   0.340
H       5.530   4.800  -1.170
O      -7.240   3.800  -1.840
H      -7.690   4.430  -1.200
H      -6.310   4.110  -2.010
O      -7.020   2.070  -3.850
H      -7.020   2.710  -3.080
H      -6.740   2.550  -4.680
O       0.080  -5.360   2.000
H      -0.850  -5.150   1.690
H       0.180  -6.350   2.130
O       0.880  -0.610   9.270
H       0.460  -1.470   9.000
H       1.820  -0.580   8.930
O       5.040  -2.940   9.100
H       5.700  -2.200   9.190
H       5.480  -3.730   8.680
O      -8.600   7.960  -6.240
H      -8.190   7.640  -5.380
H      -9.560   7.690  -6.270
O       0.400   5.440  -7.480
H       1.250   5.110  -7.890
H       0.530   5.590  -6.500
O       1.890   5.200  -1.400
H       2.480   4.800  -2.100
H       1.310   5.910  -1.810
O      -4.930  -9.120  -2.020
H      -4.540  -8.230  -1.820
H      -4.830  -9.320  -2.990
O       8.150   5.720   3.250
H       8.220   4.830   2.790
H       7.210   6.060   3.170
O      -2.050   6.040  -6.560
H      -2.430   5.350  -5.940
H      -1.230   5.680  -7.000
O       2.520  -2.980  -1.180
H       2.220  -2.410  -0.420
H       2.450  -3.950  -0.920
O       6.710   4.640  -5.930
H       6.370   3.750  -6.230
H       6.970   5.180  -6.730
O       9.300  -1.840  -3.970
H       9.060  -2.020  -4.920
H       9.600  -0.900  -3.870
O       4.730   5.000   1.910
H       5.340   5.800   1.950
H       3.780   5.310   1.980
O       1.590  -7.250  -3.960
H       1.810  -7.860  -3.200
H       1.690  -7.740  -4.820
O      -5.150  -8.030  -6.280
H      -4.910  -8.660  -7.020
H      -6.050  -7.630  -6.460
O      -5.600   8.550   3.090
H      -6.460   8.240   3.510
H      -5.640   8.410   2.100
O      -1.030  -1.150  -7.080
H      -0.420  -0.850  -7.810
H      -1.410  -2.040  -7.300
O      -6.100  -1.310  -7.340
H      -5.260  -1.260  -7.880
H      -6.330  -2.270  -7.160
O       0.830  -6.040  -8.400
H       0.780  -6.050  -7.400
H       0.000  -6.450  -8.780
O       6.880  -2.000  -1.460
H       6.320  -1.190  -1.370
H       7.400  -1.960  -2.320
O       9.030   0.860   1.330
H       9.540   0.870   0.470
H       9.590   0.440   2.040
O      -1.360   1.350   5.230
H      -0.630   1.180   4.560
H      -1.670   0.480   5.610
O      -4.740  -2.890   4.770
H      -4.070  -2.770   4.030
H      -5.140  -2.000   5.000
O       1.300  -0.680  -0.110
H       0.890  -1.420   0.420
H       1.940  -0.170   0.470
O      -5.820   9.270   6.720
H      -5.220   8.460   6.740
H      -5.420   9.960   6.120
O       8.300  -5.890  -4.400
H       8.250  -5.560  -3.450
H       7.440  -5.700  -4.860
O       6.720  -2.460   1.540
H       6.810  -2.360   0.550
H       6.320  -3.350   1.750
O      -2.120  -1.420  -4.680
H      -1.590  -1.320  -5.520
H      -2.390  -0.520  -4.340
O      -0.210   1.750  -8.990
H       0.180   0.900  -9.350
H      -1.190   1.770  -9.180
O       2.630   3.260   7.200
H       1.840   3.770   6.860
H       2.540   3.110   8.180
O      -6.680  -2.500   0.310
H      -6.620  -3.430   0.680
H      -7.270  -2.500  -0.490
O       8.220  -8.600  -4.900
H       8.620  -8.610  -5.820
H       8.320  -7.680  -4.500
O       9.160   9.100   2.910
H       9.790   9.480   2.230
H       9.560   8.270   3.300
O      -3.580  -2.550   0.440
H      -4.500  -2.180   0.510
H      -3.200  -2.350  -0.460
O       3.720  -5.740  -3.720
H       3.590  -4.810  -4.060
H       2.880  -6.260  -3.850
O      -2.480  -5.700  -5.730
H      -1.880  -5.670  -4.930
H      -3.230  -5.060  -5.600
O      -8.230  -7.640   6.960
H      -8.930  -8.110   7.500
H      -7.640  -8.320   6.530
O      -8.480   2.360  -8.910
H      -8.560   2.000  -9.840
H      -8.500   1.600  -8.260
O       5.900  -3.750   4.910
H       6.320  -4.330   4.210
H       5.460  -2.960   4.470
O      -1.530   3.850  -4.810
H      -0.800   4.540  -4.770
H      -1.250   3.100  -5.400
O       2.550  -5.140   2.900
H       1.590  -5.130   2.630
H       2.670  -4.610   3.740
O       1.050  -8.490  -1.360
H       0.280  -8.820  -0.820
H       1.900  -8.790  -0.940
O       6.720   2.030  -3.730
H       7.620   1.870  -4.130
H       6.800   2.080  -2.740
O       0.750   3.450   0.330
H      -0.170   3.170   0.040
H       1.060   4.220  -0.230
O      -4.220   8.560  -4.640
H      -4.790   9.080  -5.270
H      -3.260   8.680  -4.880
O       0.720   1.660   3.180
H       0.550   2.490   2.640
H       1.620   1.290   2.960
O      -6.790  -5.270   1.190
H      -7.780  -5.380   1.210
H      -6.450  -5.120   2.120
O       6.130   8.420  -4.310
H       6.690   9.230  -4.480
H       6.720   7.620  -4.280
O      -3.690  -0.950  -9.030
H      -3.360  -0.310  -9.720
H      -3.030  -1.010  -8.280
O       7.160   5.650  -1.540
H       7.350   6.300  -0.800
H       7.760   4.850  -1.450
O      -4.120  -6.420  -2.290
H      -4.210  -6.520  -1.300
H      -3.160  -6.490  -2.550
O       3.900  -1.210  -3.020
H       2.990  -0.800  -3.040
H       3.830  -2.150  -2.700
O      -1.880   8.830  -6.080
H      -2.150   7.940  -6.450
H      -1.870   9.510  -6.810
O      -6.370   3.250   4.490
H      -5.720   2.510   4.380
H      -6.170   3.750   5.330
O       5.940   7.450   6.520
H       6.440   8.300   6.330
H       5.060   7.470   6.040
O      -0.850   3.420  -2.200
H      -1.020   3.730  -3.140
H      -1.690   3.050  -1.820
O      -1.320  -9.280  -3.450
H      -0.940  -8.370  -3.300
H      -1.400  -9.450  -4.440
O       8.590  -4.880   0.160
H       8.130  -4.730   1.040
H       9.030  -4.030  -0.140
O       6.610  -0.720  -9.090
H       6.150   0.160  -9.220
H       7.600  -0.600  -9.160
O      -4.540  -0.110  -1.420
H      -5.500  -0.220  -1.690
H      -3.980  -0.780  -1.900
O       8.590  -9.060   8.610
H       9.130  -9.750   9.090
H       8.270  -8.370   9.270
O      -7.790  -8.780   0.870
H      -8.020  -8.250   0.050
H      -6.980  -9.340   0.680
O      -0.010  -2.930   8.510
H      -0.720  -3.050   7.810
H       0.000  -3.720   9.110
O       2.210  -5.480  -0.180
H       1.560  -6.210  -0.390
H       2.250  -5.340   0.800
O       0.790  -6.220   6.530
H       0.780  -6.690   7.410
H       1.610  -6.500   6.020
O       6.720  -4.710  -2.380
H       5.940  -5.210  -2.000
H       6.690  -3.760  -2.070
O      -0.380   1.920  -6.350
H      -0.420   1.020  -5.910
H      -0.350   1.810  -7.340
O       4.280   4.240   5.200
H       4.580   3.520   4.580
H       3.890   3.840   6.030
O      -1.570  -3.750  -7.580
H      -2.500  -4.000  -7.850
H      -1.310  -4.250  -6.760
O       3.170   5.470  -5.820
H       3.550   4.880  -5.100
H       3.570   5.210  -6.700
O       8.120  -2.760   6.870
H       8.440  -2.660   5.930
H       7.330  -3.380   6.890
O      -4.380   2.140  -7.500
H      -3.860   1.490  -6.950
H      -4.870   2.770  -6.890
O      -8.610   0.340  -7.080
H      -9.240  -0.380  -7.390
H      -7.680  -0.020  -7.080
O       7.700  -5.320   3.010
H       7.240  -6.190   3.180
H       8.610  -5.350   3.420
O       6.180  -2.950  -5.780
H       6.130  -2.130  -5.210
H       7.070  -2.980  -6.230
O      -5.100   0.520   1.680
H      -4.750   0.110   0.840
H      -6.000   0.140   1.880
O      -5.620   4.530   6.910
H      -6.210   5.330   6.950
H      -5.470   4.180   7.840
O      -2.690   2.210   8.820
H      -3.530   2.200   9.360
H      -2.670   3.040   8.260
O       0.390  -7.850   3.000
H       1.380  -7.960   2.910
H      -0.010  -8.710   3.320
O       8.750  -2.160   3.370
H       7.980  -2.510   2.830
H       8.430  -1.450   3.990
atoms
