# a Westminter fullerene so called "BuckyBall"

cell    24. 24. 24.

ngps    48  48  48

domains   1 1 1

boundary   1 0 0

symmetry none


mixing 0.555 density


bands 240
spin 1


atoms
C   0.2382389049204933E+01   0.0000000000000000E+00   0.6431332256986507E+01
C   0.7315057559134420E+00   0.2269249946654522E+01   0.6431229469593802E+01
C  -0.1938470557655452E+01   0.1401513474029025E+01   0.6434229270084707E+01
C  -0.1938470559063886E+01  -0.1401513488222435E+01   0.6434229277247065E+01
C   0.7315057477404503E+00  -0.2269249959010768E+01   0.6431229482628536E+01
C   0.6657883931842714E+01   0.1403442902088404E+01   0.1151954074929343E+01
C   0.5429433648362597E+01   0.2269889701275219E+01   0.3538511653243035E+01
C   0.4685050477060940E+01   0.0000000000000000E+00   0.5018229257137553E+01
C   0.5429433639411212E+01  -0.2269889708574518E+01   0.3538511655949304E+01
C   0.6657883930906229E+01  -0.1403442900598947E+01   0.1151954079220115E+01
C   0.7097687008426790E+00   0.6747204699527998E+01   0.1152170674746643E+01
C  -0.4911232671480372E+00   0.5865958326556173E+01   0.3537728803292978E+01
C   0.1441035164622795E+01   0.4447417624860690E+01   0.5012678773402468E+01
C   0.3829144700125615E+01   0.4443273574392201E+01   0.3534497910631968E+01
C   0.3375864146289899E+01   0.5857334221721575E+01   0.1149699030340001E+01
C  -0.6210510056565399E+01   0.2756699637200291E+01   0.1152518210500746E+01
C  -0.5743808591728508E+01   0.1350106954881439E+01   0.3545492445850417E+01
C  -0.3800484591236130E+01   0.2757267309543980E+01   0.5021650315734960E+01
C  -0.3062562013680815E+01   0.5028445451623845E+01   0.3538362449675958E+01
C  -0.4546099722008222E+01   0.5027543185542702E+01   0.1148067397613306E+01
C  -0.4546099728217474E+01  -0.5027543199391779E+01   0.1148067413467910E+01
C  -0.3062562026074093E+01  -0.5028445482337506E+01   0.3538362470063626E+01
C  -0.3800484596533815E+01  -0.2757267322185362E+01   0.5021650327196928E+01
C  -0.5743808595500801E+01  -0.1350106966624222E+01   0.3545492447313517E+01
C  -0.6210510055575194E+01  -0.2756699642730625E+01   0.1152518210104659E+01
C   0.3375864139394872E+01  -0.5857334213810697E+01   0.1149699035857202E+01
C   0.3829144689980116E+01  -0.4443273575933184E+01   0.3534497915576853E+01
C   0.1441035154393210E+01  -0.4447417636457279E+01   0.5012678788611905E+01
C  -0.4911232725932196E+00  -0.5865958343273231E+01   0.3537728819661004E+01
C   0.7097686980777362E+00  -0.6747204701098827E+01   0.1152170685009975E+01
C   0.1938470561242404E+01   0.1401513488718265E+01  -0.6434229275665492E+01
C  -0.7315057623805247E+00   0.2269249957501814E+01  -0.6431229477062068E+01
C  -0.2382389047574404E+01   0.0000000000000000E+00  -0.6431332252685815E+01
C  -0.7315057563863498E+00  -0.2269249944985622E+01  -0.6431229467855286E+01
C   0.1938470560865330E+01  -0.1401513474537327E+01  -0.6434229269883971E+01
C   0.4546099730246414E+01   0.5027543200066967E+01  -0.1148067410892414E+01
C   0.3062562017134921E+01   0.5028445482594661E+01  -0.3538362459577052E+01
C   0.3800484596596726E+01   0.2757267325312930E+01  -0.5021650328251513E+01
C   0.5743808597580552E+01   0.1350106966025125E+01  -0.3545492445396331E+01
C   0.6210510056085633E+01   0.2756699644060789E+01  -0.1152518209916130E+01
C  -0.3375864142738842E+01   0.5857334221078040E+01  -0.1149699039005257E+01
C  -0.3829144698165552E+01   0.4443273584843787E+01  -0.3534497922694577E+01
C  -0.1441035165198634E+01   0.4447417645886739E+01  -0.5012678794282016E+01
C   0.4911232698501766E+00   0.5865958345863765E+01  -0.3537728815020182E+01
C  -0.7097686953218771E+00   0.6747204698837895E+01  -0.1152170679507869E+01
C  -0.6657883929957001E+01  -0.1403442901373566E+01  -0.1151954076221504E+01
C  -0.5429433641360075E+01  -0.2269889704037966E+01  -0.3538511644564905E+01
C  -0.4685050482391902E+01   0.0000000000000000E+00  -0.5018229256597471E+01
C  -0.5429433647845061E+01   0.2269889708786874E+01  -0.3538511665792691E+01
C  -0.6657883934689098E+01   0.1403442903750644E+01  -0.1151954079359837E+01
C  -0.7097686943700802E+00  -0.6747204702986235E+01  -0.1152170673038670E+01
C   0.4911232770720429E+00  -0.5865958330791055E+01  -0.3537728800531409E+01
C  -0.1441035152865024E+01  -0.4447417626823873E+01  -0.5012678766082253E+01
C  -0.3829144690911015E+01  -0.4443273574453625E+01  -0.3534497897999143E+01
C  -0.3375864142227512E+01  -0.5857334219547641E+01  -0.1149699026053631E+01
C   0.6210510055478516E+01  -0.2756699635030668E+01  -0.1152518211387642E+01
C   0.5743808599099085E+01  -0.1350106964242645E+01  -0.3545492443804094E+01
C   0.3800484594099857E+01  -0.2757267312965733E+01  -0.5021650315362918E+01
C   0.3062562021825735E+01  -0.5028445453967928E+01  -0.3538362448964399E+01
C   0.4546099724886481E+01  -0.5027543188491610E+01  -0.1148067398334091E+01
atoms

