scale 7.38
cell 2 2 5.949593496
boundary 1

ngps 40 40 120
nscale 1

domains 1 1 3
#domains 2 2 8

#element  Dy  6s* 2 6p* 5d* 1 5f hole4f 5.0 | 2.0
element  Dy  6s* 0.5 6p* 5d 1 5f hole4f 5.0 | 2.6
element  Dy  6s* 0.5 6p* 5d 1 5f hole4f 5.0 | 3.2

#element  Ti  4s* 2 4p* 3d* 2 | 2.0
element  Ti  4s* 0.5 4p* 3d 2 | 2.6

#element  Sc  4s* 2 4p* 3d* 1 | 2.0
element  Sc  4s* 0.5 4p* 3d 1 | 2.6

#element  Sr  5s* 2 5p | 2.0
element  Sr  5s* 0.5 5p* 4d | 3.0

#element  O   2s* 2 2p* 4 | 1.3
element  O   2s* 2 2p* 5 3d | 1.3

kmesh 0
scfiter max 3 min 3

temp 900 Kel
pdos sl

poisson max 999

units eV Ang

atoms
  38    0.0000000  -0.0617374  -3.4144617
  38    0.0000000   7.2689716  -3.3746701
  38    7.3800000   7.4820986  -3.5522670
  38    7.3800000   0.0436195  -3.5139682
   8    3.2536686   3.3312656  -3.5295007
   8   -3.2536686   3.3312656  -3.5295007
   8    4.1687738  -3.3825529  -3.6038918
   8   -4.1687738  -3.3825529  -3.6038918
  22    3.7704494   3.5603666  -7.1948527
  22   -3.7704494   3.5603666  -7.1948527
  22    3.6975350  -3.8485187  -7.1335681
  22   -3.6975350  -3.8485187  -7.1335681
   8    0.0000000   3.2856461  -7.7659421
   8    7.3800000  -4.1094718  -7.6513093
   8    3.8832748  -0.1027554  -7.6321325
   8   -3.8832748  -0.1027554  -7.6321325
   8    3.2905981  -7.4807850  -6.7560910
   8   -3.2905981  -7.4807850  -6.7560910
   8    7.3800000   3.7488002  -6.5869574
   8    0.0000000  -3.3621103  -6.6439610
  66    0.0000000  -0.5810791  -10.4476342
  66    0.0000000   6.9886054  -10.3392473
  38    7.3800000   7.4431359  -11.0526645
  38    7.3800000   0.0688259  -10.8966374
   8    4.2021277   4.1433202  -10.6471521
   8   -4.2021277   4.1433202  -10.6471521
   8    2.7950938  -4.3912144  -10.6543640
   8   -2.7950938  -4.3912144  -10.6543640
  21    3.7221805   3.4652421  -14.5031746
  21   -3.7221805   3.4652421  -14.5031746
  21    3.7543019  -3.8665480  -14.5036467
  21   -3.7543019  -3.8665480  -14.5036467
   8    0.0000000   4.6672411  -13.8565305
   8    7.3800000  -3.4963599  -13.5112600
   8    2.6891834  -0.1926549  -13.7543347
   8   -2.6891834  -0.1926549  -13.7543347
   8   -4.4133212  -7.5910828  -15.3751217
   8    4.4133212  -7.5910828  -15.3751217
   8    7.3800000   2.3964631  -14.9751637
   8    0.0000000  -4.4467673  -15.5648372
  66    0.0000000  -0.5067846  -17.5464271
  66    0.0000000   6.6865272  -17.7759782
  66    7.3800000  -6.9586647  -18.3937637
  66    7.3800000   0.2192155  -18.6734357
   8    2.7588137   2.7441940  -18.1714136
   8   -2.7588137   2.7441940  -18.1714136
   8    4.5718251  -2.9949110  -18.1777693
   8   -4.5718251  -2.9949110  -18.1777693
  21    3.6888561  -3.7621432  -21.8410796
  21   -3.6888561  -3.7621432  -21.8410796
  21    3.6691552   3.6174694  -21.8295208
  21   -3.6691552   3.6174694  -21.8295208
   8    2.7232680   7.2891854  -21.1121080
   8   -2.7232680   7.2891854  -21.1121080
   8    7.3800000   4.1456744  -20.6407776
   8    0.0000000  -2.5668341  -21.3201112
   8    4.6087510  -0.0510917   21.2420537
   8   -4.6087510  -0.0510917   21.2420537
   8    7.3800000  -4.9892342   21.5601343
   8    0.0000000   3.0878400   20.7917552
  66    0.0000000   7.0606084   18.9512087
  66    0.0000000  -0.5958169   18.6683205
  66    7.3800000   0.6159496   18.0600410
  66    7.3800000  -7.0294242   17.8223121
   8    2.7575591  -4.4567894   18.3531927
   8   -2.7575591  -4.4567894   18.3531927
   8   -4.6146845   4.4745309   18.3385714
   8    4.6146845   4.4745309   18.3385714
  21    3.6927306   3.8131907   14.6933512
  21   -3.6927306   3.8131907   14.6933512
  21    3.6883948  -3.6278641   14.6878188
  21   -3.6883948  -3.6278641   14.6878188
   8    0.0000000   5.0293150   15.1069426
   8    7.3800000  -3.0732718   15.9189113
   8    2.7174451   0.0871762   15.3670426
   8   -2.7174451   0.0871762   15.3670426
   8   -4.6487875  -7.2864253   13.8803287
   8    4.6487875  -7.2864253   13.8803287
   8    7.3800000   2.5919925   14.0934801
   8    0.0000000  -4.1572463   13.4259907
  66    0.0000000  -0.1744152   11.5579248
  66    0.0000000   6.9776645   11.1786804
  66    7.3800000  -6.6627673   10.6049126
  66    7.3800000   0.4429513   10.4261851
   8    2.8216655   3.1541124   10.9036188
   8   -2.8216655   3.1541124   10.9036188
   8    4.6001754  -2.7713155   11.0520827
   8   -4.6001754  -2.7713155   11.0520827
  22    3.5978312   3.8318879   7.3364231
  22   -3.5978312   3.8318879   7.3364231
  21    3.6449008  -3.4508880   7.3884431
  21   -3.6449008  -3.4508880   7.3884431
   8    0.0000000   3.5110719   6.6639611
   8    7.3800000  -4.2843151   6.8908886
   8    4.4708667   0.3897194   6.9328537
   8   -4.4708667   0.3897194   6.9328537
   8    3.0954303   7.4495860   8.1036934
   8   -3.0954303   7.4495860   8.1036934
   8    7.3800000   4.4486603   8.1745939
   8    0.0000000  -2.5098052   7.9455587
  38    0.0000000  -0.0739291   3.6883708
  38    0.0000000   7.2924990   3.7405225
  38    7.3800000   7.5717139   3.4700383
  38    7.3800000   0.2069278   3.4260095
   8    4.1028741   4.2721455   3.7298419
   8   -4.1028741   4.2721455   3.7298419
   8    3.1359982  -3.9385547   3.5738917
   8   -3.1359982  -3.9385547   3.5738917
  22    3.6791034   3.7377117   0.0663999
  22   -3.6791034   3.7377117   0.0663999
  22    3.6569450  -3.6718600   0.0905383
  22   -3.6569450  -3.6718600   0.0905383
   8    0.0000000   3.9164442   0.4855017
   8    7.3800000  -3.5198172   0.4346563
   8    3.5422745   0.0755933   0.3765989
   8   -3.5422745   0.0755933   0.3765989
   8    3.8280134   7.4278630  -0.3097051
   8   -3.8280134   7.4278630  -0.3097051
   8    7.3800000   3.5819568  -0.2821089
   8    0.0000000  -3.7287561  -0.5104854
atoms

