

#cell 72.2 48. 48.
#cell 63.872738414  45.353423726  45.353423726
cell 33.8 24. 24.
cell_scale Ang
atom_scale Bohr

boundary 1 0 0

atoms
P        -3.930630358680    -16.767540875771     -1.526898825427
O        -3.514890765162    -19.271427734701     -0.370386326159
O        -2.437746730164    -16.219520348903     -3.834254549387
O        -3.458199033129    -14.598134740238      0.510226095164
O        -0.472431550824    -14.516876996481      7.916063310701
C        -0.888171313296    -10.223418471478      4.255663586435
H        -0.098265764599     -9.221864088343      5.873269115533
C         0.453534278654    -12.736754177686      3.845592985902
H         2.381054998130    -12.721636562696      4.573137556149
H         0.546130881313    -13.256429063811      1.855711119021
C        -1.209424743076    -14.552781895266      5.325248588665
H        -1.079033624236    -16.478412997346      4.605262825914
C        -3.855041382635    -13.469967966191      4.928406013886
H        -4.983208156682    -14.033107009142      6.557349979500
C        -5.234541547084    -14.320345298329      2.577586471010
H        -6.661285046834    -12.918168260848      2.086257676175
H        -6.156727775700    -16.123143187972      2.949862583520
O        -3.458199033129    -10.737424589891      4.781007240272
N        -0.264561669588     -1.515560388911     -3.108599568377
H        -0.079368499468      0.410070572373     -3.316469477772
H        -0.434637034642     -2.653175672327     -4.678962212721
C        -0.283458941758     -2.545461201245     -0.788015818664
C        -0.529123339175     -5.164621789298     -0.360937704154
N        -0.812582280933     -7.196077547949     -1.982322834114
C        -0.944863101648     -9.133047086545     -0.478100712764
H        -1.156512414791    -11.070015724050     -1.148953494659
N        -0.793684980604     -8.511327172870      2.027676129631
C        -0.529123339175     -5.931850436804      2.101375516438
N        -0.302356185769     -4.478650885548      4.176294981370
C        -0.075589046442     -2.088147490685      3.530008605425
H         0.126611658775     -0.769118574653      5.098481209986
N        -0.056691784832     -1.046908354471      1.243439827351
P         2.456643974175    -14.462074403139      8.620930557370
O         2.872383792965    -15.809449748370     11.028442057553
O         3.949527602691    -15.374811784477      6.430738489680
O         2.929075524999    -11.510322455655      8.993206669881
O         5.914843232576     -7.092142480615     14.936395543201
C         5.499103413786     -5.769334048199      9.452410194951
H         6.289008934324     -4.008109374507     10.172395957703
C         6.840808639667     -8.044564389758     10.597584173226
H         8.768329330984     -7.604258559245     11.177730420404
H         6.933405270485     -9.635713867350      9.293673885913
C         5.177849815051     -8.643607430402     12.861476979360
H         5.308240933891    -10.624041125824     13.411387095466
C         2.532233175492     -8.001101134024     11.905275441197
H         1.404066514082     -7.498433452127     13.553116200277
C         1.152733011043    -10.070350930152     10.503098403716
H        -0.274010291593     -9.225643266818      9.280444959068
H         0.230546599393    -11.310011579028     11.863700873608
O         2.929075524999     -5.877048294008     10.179955215744
N         5.877048294008     -5.124937261492     -0.959980941911
H         5.737208778435     -6.710417971372     -2.078698868679
H         6.090587646934     -3.373161209806     -1.776342626592
C         5.782562073953     -5.342255792893      1.530678229175
N         5.971534964610     -3.238990687218      2.925296121251
C         5.877048294008     -3.346705158299      5.483985348249
O         6.047123940654     -1.438081598356      6.823801435439
N         5.593589633841     -5.693745072155      6.642387802823
C         5.404616743184     -7.836694255090      5.243990394363
H         5.172180596793     -9.645162714629      6.200191481980
C         5.499103413786     -7.772443715561      2.675852320086
H         5.364932665925     -9.490204682973      1.547685771312
P         8.843918307029     -6.632938955545     15.474968123882
O         9.259658576365     -6.307906178335     18.213180267895
O        10.336801935545     -8.658725045392     14.240976242718
O         9.316349857853     -4.025117029281     14.040665366091
O        12.302118015976      3.042459214338     16.251646069213
C        11.886377746640      0.888171313296     11.037890904831
H        12.676283717724      2.736323455867     10.586246637802
C        13.228083423067     -0.277789751659     13.301782809874
H        15.155605015476      0.417629492505     13.511542533780
H        13.320679603339     -2.331922073592     13.180840087766
C        11.565124147905      0.566917883516     15.486305659306
H        11.695515717291     -0.712426786302     17.094462341126
C         8.919507283073      0.525343879110     14.333573324082
H         7.791341410118      1.901064639811     15.371032606002
C         7.540007569170     -1.972874212108     14.416721558168
H         6.113264069420     -2.008778885620     12.931396286601
H         6.617821340554     -2.176964492483     16.245976400409
O         9.316349857853      1.228321987087     11.689846048488
N        12.509987249553     -3.424183948854      0.479990470956
H        12.695180511189     -3.027341374075     -1.415404950598
H        12.339912503999     -5.270446445869      1.077143922362
C        12.491090456088     -1.536347447433      2.176964492483
C        12.245425833397     -1.938859127833      4.799904484283
N        11.961966722685     -4.108264812821      6.230427162507
C        11.829686465153     -3.276785175240      8.537783224376
H        11.618036250918     -4.512666195095     10.172395957703
N        11.980864417241     -0.701088406104      8.721085995684
C        12.245425833397      0.166295904989      6.290898523561
N        12.472192761531      2.587035093015      5.550125927561
C        12.698959689664      2.711756993598      3.076474298613
H        12.901161056620      4.610932044172      2.307355611323
N        12.717857384221      0.859825447279      1.379500164449
P        15.231193991521      3.728429892815     16.417940735201
O        15.646932458674      5.603038030574     18.441837686357
O        16.724077620037      1.366272026060     16.610693254878
O        15.703625542345      4.996436182435     13.725081436160
O        18.689392799376     12.014878825697     11.361034092803
C        18.273652530040      7.207415533919      8.407391654990
H        19.063558501124      8.435738196825      6.956082143517
C        19.615358206467      7.592920122729     10.924507440764
H        21.542877996693      8.280780165170     10.686402076115
H        19.707954386740      5.860041089780     12.035666109492
C        17.952398931305      9.562014480543     12.194403319622
H        18.082790500692      9.473197478746     14.248535500759
C        15.306782967565      8.849587975833     11.287334705996
H        14.178615292427     10.573017710957     11.319459525215
C        13.927281902024      6.876713538452     12.823681590247
H        12.500538402274      5.975314143084     11.640713123950
H        13.005095673408      7.787561330552     14.422390325880
O        15.703625542345      7.865040796925      8.734314922529
N        18.897262032953     -2.488769469212      2.401842056652
H        19.082454393498     -3.280564578987      0.634947995747
H        18.727186386307     -3.630164043739      3.968424846702
C        18.878364338396      0.037794523221      2.664513883570
C        18.632699715706      1.252888449356      5.022892233941
N        18.349241506085      0.338261000077      7.456859785630
C        18.216961248553      2.367826972377      8.834470360842
H        18.005311034318      2.328142669845     10.882932873176
N        18.368139200642      4.558019490613      7.468197771600
C        18.632699715706      3.832364960149      4.992656553414
N        18.859466643839      5.355484269192      2.968759827531
C        19.086235374156      4.002440156249      0.895730233428
H        19.288434938929      5.087142773470     -0.844707607016
N        19.105131266529      1.506111766906      0.612271291670
P        21.618466972737     12.666834870446     11.090803007844
O        22.034207242074     15.372923096331     11.627485098196
O        23.111350601253     10.867815258185     12.634709150135
O        22.090898523561     12.109365496299      8.167396701103
O        25.076667582777     16.397154352498      2.127831793217
C        24.660927313440     10.771438998346      2.566248259767
H        25.450833284524     10.913169004249      0.668963080021
C        26.002632989867     12.564789842895      4.374716268760
H        27.930152780093     12.980529211139      3.777562592080
H        26.095229170140     11.814567949070      6.290898523561
C        24.339673714705     14.904270723982      4.246214739156
H        24.470065284092     16.038107166833      5.960196528094
C        21.694055948782     13.795001644492      3.930630358680
H        20.565890976919     15.206626628160      2.942303776025
C        20.314556685424     13.099582344010      6.332472640604
H        18.887813185674     11.678507611972      5.905394385298
H        19.392370456808     14.777659234162      7.090252891378
O        22.090898523561     11.497094429902      2.443415948422
N        25.738070672620      3.671737935509     -4.344480588233
H        25.751298698373      5.260997598591     -5.468867733259
H        25.913815988070      1.908623447306     -5.151393763545
O        25.303434510910     -0.595263749533      3.176629736926
C        25.265639121796      1.496663144900      2.159957062982
C        25.019974499106      3.907953936194      3.278674989750
N        24.755413984042      4.592034800160      5.814687343717
C        24.604236031953      7.058127171068      5.756106022446
H        24.379357791965      8.207080778363      7.451190567372
N        24.755413984042      8.078579699306      3.361822998563
C        25.019974499106      6.039565133159      1.765004302713
N        25.246741427239      6.166176622979     -0.789905576856
C        25.492406049929      3.894725910440     -1.840593278757
N        25.492406049929      1.670517970021     -0.481880172829
H        25.671930543854      0.009448630805     -1.479655602763
P        28.005741756138     16.767540875771      1.526898825427
O        28.421482025474     19.271427734701      0.370386326159
O        29.498625384654     16.219520348903      3.834254549387
O        28.478173306961     14.598134740238     -0.510226095164
O        31.463940563993     14.516876996481     -7.916063310701
C        31.048202096840     10.223418471478     -4.255663586435
H        31.838106265741      9.221864088343     -5.873269115533
C        32.389905971084     12.736754177686     -3.845592985902
H        34.317427563493     12.721636562696     -4.573137556149
H        32.482502151356     13.256429063811     -1.855711119021
C        30.726948498105     14.552781895266     -5.325248588665
H        30.857340067492     16.478412997346     -4.605262825914
C        28.081330732182     13.469967966191     -4.928406013886
H        26.953163958135     14.033107009142     -6.557349979500
C        26.701831468824     14.320345298329     -2.577586471010
H        25.275087969075     12.918168260848     -2.086257676175
H        25.779645240209     16.123143187972     -2.949862583520
O        28.478173306961     10.737424589891     -4.781007240272
N        31.671811599753      1.515560388911      3.108599568377
H        31.857003960298     -0.410070572373      3.316469477772
H        31.501735953107      2.653175672327      4.678962212721
C        31.652913905196      2.545461201245      0.788015818664
C        31.407251084689      5.164621789298      0.360937704154
N        31.123789270701      7.196077547949      1.982322834114
C        30.991509013169      9.133047086545      0.478100712764
H        30.779860601118     11.070015724050      1.148953494659
N        31.142686965258      8.511327172870     -2.027676129631
C        31.407251084689      5.931850436804     -2.101375516438
N        31.634016210639      4.478650885548     -4.176294981370
C        31.860784940956      2.088147490685     -3.530008605425
H        32.062982703545      0.769118574653     -5.098481209986
N        31.879682635513      1.046908354471     -1.243439827351
P        34.393018341721     14.462074403139     -8.620930557370
O        34.808756808874     15.809449748370    -11.028442057553
O        35.885900168054     15.374811784477     -6.430738489680
O        34.865449892545     11.510322455655     -8.993206669881
O        37.851217149577      7.092142480615    -14.936395543201
C        37.435475078057      5.769334048199     -9.452410194951
H        38.225382851324      4.008109374507    -10.172395957703
C        38.777182556667      8.044564389758    -10.597584173226
H        40.704704149077      7.604258559245    -11.177730420404
H        38.869778736940      9.635713867350     -9.293673885913
C        37.114221479322      8.643607430402    -12.861476979360
H        37.244613048709     10.624041125824    -13.411387095466
C        34.468605515582      8.001101134024    -11.905275441197
H        33.340438741535      7.498433452127    -13.553116200277
C        33.089106252225     10.070350930152    -10.503098403716
H        31.662360950291      9.225643266818     -9.280444959068
H        32.166918221425     11.310011579028    -11.863700873608
O        34.865449892545      5.877048294008    -10.179955215744
N        38.059084580970      3.053797650854      1.623274859993
H        38.244280545881      1.617605641735      2.925296121251
H        37.889008934324      4.896280744122      2.226097417021
C        38.040186886413      2.522784553487     -0.857935689087
C        37.794524065906      4.389833883750     -2.743882488635
N        37.511065856285      6.986317824044     -2.626719395548
C        37.378785598753      7.670398688011     -4.981318116899
H        37.167133582335      9.630045099638     -5.576581979068
N        37.529963550842      5.693745072155     -6.642387802823
C        37.794524065906      3.564023689700     -5.187298211784
N        38.021292796223      1.167850738670     -6.011219041869
C        38.248057922173     -0.385504138264     -4.083698350552
H        38.450259289129     -2.375385779872     -4.576916734624
N        38.266955616730      0.115273299696     -1.621385045483
P        40.780291322938      6.632938955545    -15.474968123882
O        41.196029790091      6.307906178335    -18.213180267895
O        42.273176753637      8.658725045392    -14.240976242718
O        41.252722873762      4.025117029281    -14.040665366091
O        44.238490130793     -3.042459214338    -16.251646069213
C        43.822751663641     -0.888171313296    -11.037890904831
H        44.612655832541     -2.736323455867    -10.586246637802
C        45.164455537884      0.277789751659    -13.301782809874
H        47.091977130293     -0.417629492505    -13.511542533780
H        45.257051718157      2.331922073592    -13.180840087766
C        43.501498064906     -0.566917883516    -15.486305659306
H        43.631889634292      0.712426786302    -17.094462341126
C        40.855882101166     -0.525343879110    -14.333573324082
H        39.727715327119     -1.901064639811    -15.371032606002
C        39.476379233441      1.972874212108    -14.416721558168
H        38.049637535875      2.008778885620    -12.931396286601
H        38.554194807009      2.176964492483    -16.245976400409
O        41.252722873762     -1.228321987087    -11.689846048488
N        44.200694741680      4.711087482485     -2.237435853537
H        44.060856127198      6.651836199556     -2.262002315806
H        44.414235446243      3.771893599095     -0.544241123121
C        44.106209873261      3.422294134344     -4.378495447234
N        44.295183214464      0.901399395367     -4.270781201426
C        44.200694741680     -0.515895257104     -6.404281987628
O        44.370770388325     -2.847817330696     -6.366487499606
N        43.917236532059      0.701088406104     -8.721085995684
C        43.728263190856      3.255998341991     -8.849587975833
H        43.495828396102      4.159287326596    -10.686402076115
C        43.822751663641      4.714866660960     -6.733094393858
H        43.688579113596      6.768999292643     -6.829470653697
P        47.167564304154     -3.728429892815    -16.417940735201
O        47.583306375674     -5.603038030574    -18.441837686357
O        48.660449734854     -1.366272026060    -16.610693254878
O        47.639995854978     -4.996436182435    -13.725081436160
O        50.625766716377    -12.014878825697    -11.361034092803
C        50.210024644857     -7.207415533919     -8.407391654990
H        50.999932418125     -8.435738196825     -6.956082143517
C        51.551732123468     -7.592920122729    -10.924507440764
H        53.479250111510     -8.280780165170    -10.686402076115
H        51.644328303740     -5.860041089780    -12.035666109492
C        49.888771046122     -9.562014480543    -12.194403319622
H        50.019162615509     -9.473197478746    -14.248535500759
C        47.243155082382     -8.849587975833    -11.287334705996
H        46.114988308336    -10.573017710957    -11.319459525215
C        45.863655819025     -6.876713538452    -12.823681590247
H        44.436910517091     -5.975314143084    -11.640713123950
H        44.941467788225     -7.787561330552    -14.422390325880
O        47.639995854978     -7.865040796925     -8.734314922529
O        50.587971327263      2.526563957234     -4.692190238474
C        50.493482854478      0.383614408231     -5.618156096110
N        50.663558501124     -1.727209702054     -4.112044441841
H        50.867648556226     -1.422963870729     -2.201530954752
C        50.587971327263     -4.214089469392     -4.900059922596
O        50.758046973909     -5.969644924826     -3.418514730596
N        50.304513117642     -4.558019490613     -7.468197771600
C        50.115539776439     -2.562468630746     -9.114149391988
H        49.884993669831     -2.925296121251    -11.128597495866
C        50.210024644857     -0.158736998937     -8.275111397458
C        50.002153609097      2.088147490685     -9.989092285304
H        49.926566435236      3.807798497880     -8.860926412349
H        48.286284033106      1.933189909575    -11.119148648588
H        51.640547323082      2.156177659234    -11.236312192221
P        53.554840889738    -12.666834870446    -11.090803007844
O        53.970579356891    -15.372923096331    -11.627485098196
O        55.047722716071    -10.867815258185    -12.634709150135
O        54.027272440562    -12.109365496299     -8.167396701103
O        57.013039697594    -16.397154352498     -2.127831793217
C        56.597301230441    -10.771438998346     -2.566248259767
H        57.387205399341    -10.913169004249     -0.668963080021
C        57.939005104684    -12.564789842895     -4.374716268760
H        59.866526697094    -12.980529211139     -3.777562592080
H        58.031601284957    -11.814567949070     -6.290898523561
C        56.276047631706    -14.904270723982     -4.246214739156
H        56.406439201092    -16.038107166833     -5.960196528094
C        53.630428063599    -13.795001644492     -3.930630358680
H        52.502264893919    -15.206626628160     -2.942303776025
C        52.250928800241    -13.099582344010     -6.332472640604
H        50.824187102675    -11.678507611972     -5.905394385298
H        51.328744373809    -14.777659234162     -7.090252891378
O        54.027272440562    -11.497094429902     -2.443415948422
N        57.220910733353      0.600932911472     -3.405286704843
H        57.406103093898      2.282789149054     -2.441526359184
H        57.050835086708      0.604712371538     -5.344145832676
C        57.202013038797     -1.596818695850     -2.133500786202
C        56.956346613923     -3.966535257464     -3.327807914288
N        56.672888404302     -4.656285339689     -5.833584587728
C        56.540608146770     -7.107260095606     -5.754216433209
H        56.328959734719     -8.280780165170     -7.436072501836
N        56.691786098859     -8.078579699306     -3.361822998563
C        56.956346613923     -6.033895914901     -1.785791248598
N        57.183115344240     -6.077359621181      0.746441870576
C        57.409880470190     -3.764334566327      1.628943965614
H        57.612081837146     -3.618825607223      3.673627750019
N        57.428778164747     -1.577921339202      0.391173328362
P        61.416101607097     14.462074403139      8.620930557370
O        61.000359535577     15.809449748370     11.028442057553
O        59.923216176398     15.374811784477      6.430738489680
O        60.943670056273     11.510322455655      8.993206669881
O        57.957902799241      7.092142480615     14.936395543201
C        58.373641266394      5.769334048199      9.452410194951
H        57.583737097494      4.008109374507     10.172395957703
C        57.031937392151      8.044564389758     10.597584173226
H        55.104415799741      7.604258559245     11.177730420404
H        56.939341211878      9.635713867350      9.293673885913
C        58.694894865129      8.643607430402     12.861476979360
H        58.564503295743     10.624041125824     13.411387095466
C        61.340510828869      8.001101134024     11.905275441197
H        62.468677602916      7.498433452127     13.553116200277
C        62.720010092227     10.070350930152     10.503098403716
H        64.146755394160      9.225643266818      9.280444959068
H        63.644090415538     11.310011579028     11.863700873608
O        60.943670056273      5.877048294008     10.179955215744
O        57.995698188355      5.242100354580     -0.954311723653
C        58.090183056773      5.463198515001      1.371941244317
N        57.920107410127      3.376940613553      2.913957910008
H        57.716017355026      1.653510427883      2.033345347889
C        57.995698188355      3.358043369542      5.521779836272
O        57.825622541709      1.407846030466      6.733094393858
N        58.279156397976      5.693745072155      6.642387802823
C        58.468129739179      7.876379233441      5.253438791095
H        58.698675845787      9.679178024176      6.220978765775
C        58.373641266394      7.821576640099      2.709867404360
C        58.581512302154     10.145939906196      1.101710384631
H        58.607968353660     11.814567949070      2.307355611323
H        56.967685951530     10.246095344510     -0.173854811041
H        60.320060553360     10.066571751677      0.001889726293
P        55.028828625880      6.632938955545     15.474968123882
O        54.613086554361      6.307906178335     18.213180267895
O        53.535943195181      8.658725045392     14.240976242718
O        54.556397075056      4.025117029281     14.040665366091
O        51.570629818025     -3.042459214338     16.251646069213
C        51.986368285177     -0.888171313296     11.037890904831
H        51.196460511910     -2.736323455867     10.586246637802
C        50.644660806567      0.277789751659     13.301782809874
H        48.717142818525     -0.417629492505     13.511542533780
H        50.552064626295      2.331922073592     13.180840087766
C        52.307621883912     -0.566917883516     15.486305659306
H        52.177230314526      0.712426786302     17.094462341126
C        54.953237847652     -0.525343879110     14.333573324082
H        56.081404621699     -1.901064639811     15.371032606002
C        56.332737111010      1.974763801345     14.416721558168
H        57.759482412943      2.008778885620     12.931396286601
H        57.256813829955      2.176964492483     16.245976400409
O        54.556397075056     -1.228321987087     11.689846048488
N        51.362758782265      3.424183948854      0.479990470956
H        51.177566421720      3.027341374075     -1.415404950598
H        51.532834428911      5.270446445869      1.077143922362
C        51.381656476822      1.536347447433      2.176964492483
C        51.627319297329      1.938859127833      4.799904484283
N        51.910777506950      4.108264812821      6.230427162507
C        52.043061368848      3.276785175240      8.537783224376
H        52.254709780900      4.512666195095     10.172395957703
N        51.891879812393      0.701088406104      8.721085995684
C        51.627319297329     -0.166295904989      6.290898523561
N        51.400554171379     -2.587035093015      5.550125927561
C        51.173785441062     -2.711756993598      3.076474298613
H        50.971584074106     -4.610932044172      2.307355611323
N        51.154887746505     -0.859825447279      1.379500164449
P        48.641552040297     -3.728429892815     16.417940735201
O        48.225813573144     -5.603038030574     18.441837686357
O        47.148670213964     -1.366272026060     16.610693254878
O        48.169120489473     -4.996436182435     13.725081436160
O        45.183353232441    -12.014878825697     11.361034092803
C        45.599091699594     -7.207415533919      8.407391654990
H        44.809187530693     -8.435738196825      6.956082143517
C        44.257387825350     -7.592920122729     10.924507440764
H        42.329866232941     -8.280780165170     10.686402076115
H        44.164791645078     -5.860041089780     12.035666109492
C        45.920345298329     -9.562014480543     12.194403319622
H        45.789957333309     -9.471307889508     14.248535500759
C        48.565964866436     -8.849587975833     11.287334705996
H        49.694131640482    -10.573017710957     11.319459525215
C        49.945464129793     -6.876713538452     12.823681590247
H        51.372205827360     -5.975314143084     11.640713123950
H        50.869540848738     -7.787561330552     14.422390325880
O        48.169120489473     -7.865040796925      8.734314922529
N        44.521948340414     -5.523669876055     -1.356823404054
H        44.508720314661     -7.470087811383     -1.332256941785
H        44.346203024965     -4.571247516366     -3.046238618086
O        44.956588106491      2.348929728366      2.220428198763
C        44.994379891238      0.058581511345      2.626719395548
C        45.240046316112     -1.233991205345      4.949192847134
N        45.504606831176     -0.296687023829      7.402057642834
C        45.655784783265     -2.326252855334      8.806123819007
H        45.880661221069     -2.260112501295     10.850808053957
N        45.504606831176     -4.558019490613      7.468197771600
C        45.240046316112     -3.849372164377      4.979428527661
N        45.013277585795     -5.451860078485      2.985767482305
C        44.767614765288     -4.232986713403      0.799354198862
N        44.767614765288     -1.634613183872      0.591484289467
H        44.588088469180     -0.876832933098     -1.192417200939
P        42.254279059080    -12.666834870446     11.090803007844
O        41.838536987560    -15.372923096331     11.627485098196
O        40.761393628381    -10.867815258185     12.634709150135
O        41.781847508256    -12.109365496299      8.167396701103
O        38.796080251224    -16.397154352498      2.127831793217
C        39.211818718377    -10.771438998346      2.566248259767
H        38.421914549477    -10.913169004249      0.668963080021
C        37.870114844134    -12.564789842895      4.374716268760
H        35.942593251724    -12.980529211139      3.777562592080
H        37.777515059495    -11.814567949070      6.290898523561
C        39.533072317112    -14.904270723982      4.246214739156
H        39.402680747726    -16.038107166833      5.960196528094
C        42.178688280852    -13.795001644492      3.930630358680
H        43.306855054899    -15.206626628160      2.942303776025
C        43.558187544210    -13.099582344010      6.332472640604
H        44.984932846143    -11.678507611972      5.905394385298
H        44.482264263155    -14.777659234162      7.090252891378
O        41.781847508256    -11.497094429902      2.443415948422
O        38.833872035972     -0.712426786302      5.281784882385
C        38.928360508756     -2.991436475290      4.771558843539
N        38.758284862110     -3.815357305375      2.311135240344
H        38.554194807009     -2.443415948422      0.944863101648
C        38.833872035972     -6.289008934324      1.487214522894
O        38.663796389326     -6.838919050430     -0.742662410510
N        39.117333849959     -8.076690110068      3.361822998563
C        39.306303586795     -7.430403283578      5.867599897276
H        39.536853297770     -8.908169747649      7.283004960510
C        39.211818718377     -4.992656553414      6.600813685780
C        39.419689754137     -4.181964199628      9.308791500903
H        39.446145805644     -5.844923024244     10.523884786419
H        37.805863403513     -3.000885322568      9.798230255955
H        41.158238005343     -3.112378972125      9.573352917059
P        35.867002473497    -16.767540875771      1.526898825427
O        35.451264006344    -19.271427734701      0.370386326159
O        34.374120647164    -16.219520348903      3.834254549387
O        35.394570922673    -14.598134740238     -0.510226095164
O        32.408803665641    -14.516876996481     -7.916063310701
C        32.824545737161    -10.223418471478     -4.255663586435
H        32.034637963893     -9.221864088343     -5.873269115533
C        31.482838258550    -12.736754177686     -3.845592985902
H        29.555318468324    -12.721636562696     -4.573137556149
H        31.390242078278    -13.256429063811     -1.855711119021
C        33.145799335895    -14.552781895266     -5.325248588665
H        33.015407766509    -16.478412997346     -4.605262825914
C        35.791415299636    -13.469967966191     -4.928406013886
H        36.919582073682    -14.033107009142     -6.557349979500
C        37.170914562993    -14.320345298329     -2.577586471010
H        38.597656260560    -12.918168260848     -2.086257676175
H        38.094991281938    -16.123143187972     -2.949862583520
O        35.394570922673    -10.737424589891     -4.781007240272
O        32.446599054755     -3.681186557514      3.853151793398
C        32.541083923173     -5.225093150352      2.101375516438
N        32.371008276527     -4.444636026546     -0.372276056192
H        32.166918221425     -2.532233175492     -0.672742540087
C        32.446599054755     -5.962086117331     -2.494438687470
O        32.276523408109     -5.096591620749     -4.620380440904
N        32.730057264376     -8.511327172870     -2.027676129631
C        32.919030605579     -9.459969452992      0.379834976324
H        33.149576712187    -11.487645582623      0.655734997950
C        32.824545737161     -7.919842489176      2.405621460399
C        33.032413168554     -8.855256743545      5.072025158479
H        33.058869220060    -10.915058593486      5.077694376737
H        31.418586817930     -8.186293494569      6.162396993958
H        34.770961419760     -8.144719828072      5.916732821814
P        29.479729492280    -14.462074403139     -8.620930557370
O        29.063989222944    -15.809449748370    -11.028442057553
O        27.986845863764    -15.374811784477     -6.430738489680
O        29.007297941456    -11.510322455655     -8.993206669881
O        26.021530684424     -7.092142480615    -14.936395543201
C        26.437269151577     -5.769334048199     -9.452410194951
H        25.647363180493     -4.008109374507    -10.172395957703
C        25.095563475150     -8.044564389758    -10.597584173226
H        23.168043684924     -7.604258559245    -11.177730420404
H        25.002967294878     -9.635713867350     -9.293673885913
C        26.758522750312     -8.643607430402    -12.861476979360
H        26.628131180926    -10.624041125824    -13.411387095466
C        29.404140516235     -8.001101134024    -11.905275441197
H        30.532305488099     -7.498433452127    -13.553116200277
C        30.783641581776    -10.070350930152    -10.503098403716
H        32.210383279343     -9.225643266818     -9.280444959068
H        31.707714696355    -11.310011579028    -11.863700873608
O        29.007297941456     -5.877048294008    -10.179955215744
N        26.059324271355     -5.124937261492      0.959980941911
H        26.199164688020     -6.710417971372      2.078698868679
H        25.845785368975     -3.373161209806      1.776342626592
C        26.153810941956     -5.342255792893     -1.530678229175
N        25.964837600753     -3.238990687218     -2.925296121251
C        26.059324271355     -3.346705158299     -5.483985348249
O        25.889248624709     -1.438081598356     -6.823801435439
N        26.342782480976     -5.693745072155     -6.642387802823
C        26.531755822179     -7.836694255090     -5.243990394363
H        26.764192419116     -9.645162714629     -6.200191481980
C        26.437269151577     -7.772443715561     -2.675852320086
H        26.571439899438     -9.490204682973     -1.547685771312
P        23.092454708880     -6.632938955545    -15.474968123882
O        22.676714439544     -6.307906178335    -18.213180267895
O        21.599571080364     -8.658725045392    -14.240976242718
O        22.620023158056     -4.025117029281    -14.040665366091
O        19.634255901024      3.042459214338    -16.251646069213
C        20.049994368177      0.888171313296    -11.037890904831
H        19.260090199276      2.736323455867    -10.586246637802
C        18.708288691750     -0.277789751659    -13.301782809874
H        16.780768901524      0.417629492505    -13.511542533780
H        18.615692511478     -2.331922073592    -13.180840087766
C        20.371247966912      0.566917883516    -15.486305659306
H        20.240858199709     -0.712426786302    -17.094462341126
C        23.016865732835      0.525343879110    -14.333573324082
H        24.145032506882      1.901064639811    -15.371032606002
C        24.396364996193     -1.972874212108    -14.416721558168
H        25.823108495943     -2.008778885620    -12.931396286601
H        25.320441715138     -2.176964492483    -16.245976400409
O        22.620023158056      1.228321987087    -11.689846048488
O        19.672049487955     -4.801794073520     -2.311135240344
C        19.766536158556     -3.613156388965     -4.319914125964
N        19.596460511910     -1.018562375818     -4.342590998995
H        19.392370456808     -0.143619186832     -2.617270773542
C        19.672049487955      0.529123339175     -6.440186886413
O        19.501973841309      2.819471464679     -6.275780908571
N        19.955509499759     -0.701088406104     -8.721085995684
C        20.144481038778     -3.284344208008     -8.879823205814
H        20.375027145387     -4.174405392133    -10.722306073808
C        20.049994368177     -4.735653944754     -6.789786125892
C        20.257865403937     -7.560794402419     -6.854037115966
H        20.284321455443     -8.203301599888     -8.811793487810
H        18.644039053313     -8.390384450762     -5.880827923029
H        21.996413655143     -8.142830238834     -5.918622411051
P        16.705179925480      3.728429892815    -16.417940735201
O        16.289439656143      5.603038030574    -18.441837686357
O        15.212296296964      1.366272026060    -16.610693254878
O        16.232748374656      4.996436182435    -13.725081436160
O        13.246981117624     12.014878825697    -11.361034092803
C        13.662720485869      7.207415533919     -8.407391654990
H        12.872814514785      8.435738196825     -6.956082143517
C        12.321014809442      7.592920122729    -10.924507440764
H        10.393494118124      8.280780165170    -10.686402076115
H        12.228418629169      5.860041089780    -12.035666109492
C        13.983974084603      9.562014480543    -12.194403319622
H        13.853582515217      9.473197478746    -14.248535500759
C        16.629590949435      8.849587975833    -11.287334705996
H        17.757757723482     10.573017710957    -11.319459525215
C        18.009090212793      6.876713538452    -12.823681590247
H        19.435833712543      5.977204182868    -11.640713123950
H        18.933166931738      7.787561330552    -14.422390325880
O        16.232748374656      7.865040796925     -8.734314922529
O        13.284775605646     -2.526563957234     -4.692190238474
C        13.379261375156     -0.383614408231     -5.618156096110
N        13.209185728510      1.727209702054     -4.112044441841
H        13.005095673408      1.422963870729     -2.201530954752
C        13.284775605646      4.214089469392     -4.900059922596
O        13.114699959000      5.969644924826     -3.418514730596
N        13.568233815267      4.558019490613     -7.468197771600
C        13.757207156470      2.562468630746     -9.114149391988
H        13.987753263078      2.925296121251    -11.128597495866
C        13.662720485869      0.158736998937     -8.275111397458
C        13.870590620537     -2.088147490685     -9.989092285304
H        13.897046672043     -1.456978955004    -11.950628286169
H        12.256764269913     -3.331587318036     -9.690515559600
H        15.609138871743     -3.110489382887     -9.575242506296
P        10.317905142080     12.666834870446    -11.090803007844
O         9.902164872743     15.372923096331    -11.627485098196
O         8.825021513564     10.867815258185    -12.634709150135
O         9.845473591256     12.109365496299     -8.167396701103
O         6.859706334224     16.397154352498     -2.127831793217
C         7.275445702469     10.771438998346     -2.566248259767
H         6.485540181930     10.913169004249     -0.668963080021
C         5.933740476587     12.564789842895     -4.374716268760
H         4.006219334724     12.980529211139     -3.777562592080
H         5.841143845769     11.816457538308     -6.290898523561
C         7.596699301203     14.904270723982     -4.246214739156
H         7.466308182363     16.038107166833     -5.960196528094
C        10.242316166035     13.795001644492     -3.930630358680
H        11.370482940082     15.206626628160     -2.942303776025
C        11.621816330484     13.099582344010     -6.332472640604
H        13.048559830234     11.678507611972     -5.905394385298
H        12.545892148338     14.777659234162     -7.090252891378
O         9.845473591256     11.497094429902     -2.443415948422
N         6.198301892743      3.671737935509      4.344480588233
H         6.185073866990      5.260997598591      5.468867733259
H         6.022557478385      1.908623447306      5.151393763545
O         6.632938955545     -0.595263749533     -3.176629736926
C         6.670733443567      1.496663144900     -2.159957062982
C         6.916398066257      3.907953936194     -3.278674989750
N         7.180959482413      4.592034800160     -5.814687343717
C         7.332137885048      7.058127171068     -5.756106022446
H         7.557015223944      8.207080778363     -7.451190567372
N         7.180959482413      8.078579699306     -3.361822998563
C         6.916398066257      6.039565133159     -1.765004302713
N         6.689630687578      6.166176622979      0.789905576856
C         6.443966515433      3.894725910440      1.840593278757
N         6.443966515433      1.670517970021      0.481880172829
H         6.264442472055      0.009448630805      1.479655602763
P         3.930630358680     16.767540875771     -1.526898825427
O         3.514890765162     19.271427734701     -0.370386326159
O         2.437746730164     16.219520348903     -3.834254549387
O         3.458199033129     14.598134740238      0.510226095164
O         0.472431550824     14.516876996481      7.916063310701
C         0.888171313296     10.223418471478      4.255663586435
H         0.098265764599      9.221864088343      5.873269115533
C        -0.453534278654     12.736754177686      3.845592985902
H        -2.381054998130     12.721636562696      4.573137556149
H        -0.546130881313     13.256429063811      1.855711119021
C         1.209424743076     14.552781895266      5.325248588665
H         1.079033624236     16.478412997346      4.605262825914
C         3.855041382635     13.469967966191      4.928406013886
H         4.983208156682     14.033107009142      6.557349979500
C         5.234541547084     14.320345298329      2.577586471010
H         6.661285046834     12.918168260848      2.086257676175
H         6.158617815483     16.123143187972      2.949862583520
O         3.458199033129     10.737424589891      4.781007240272
O         0.510226095164      3.681186557514     -3.853151793398
C         0.604712371538      5.225093150352     -2.101375516438
N         0.434637034642      4.444636026546      0.372276056192
H         0.230546599393      2.532233175492      0.672742540087
C         0.510226095164      5.962086117331      2.494438687470
O         0.340150730110      5.096591620749      4.620380440904
N         0.793684980604      8.511327172870      2.027676129631
C         0.982657589670      9.459969452992     -0.379834976324
H         1.213204259460     11.487645582623     -0.655734997950
C         0.888171313296      7.919842489176     -2.405621460399
C         1.096041166373      8.855256743545     -5.072025158479
H         1.122497330516     10.915058593486     -5.077694376737
H        -0.517784958978      8.186293494569     -6.162396993958
H         2.834589304943      8.144719828072     -5.916732821814
atoms


