cell 5.6575
scale 4 Ang

boundary 1


atoms_fractional
Ge    0.000000    0.000000    0.000000
Ge    0.125000    0.125000    0.000000
Ge    0.062500    0.062500    0.062500
Sn    0.187500    0.187500    0.062500
Ge    0.125000    0.000000    0.125000
Ge    0.000000    0.125000    0.125000
Ge    0.187500    0.062500    0.187500
Ge    0.062500    0.187500    0.187500
Ge    0.250000    0.000000    0.000000
Ge    0.375000    0.125000    0.000000
Ge    0.312500    0.062500    0.062500
Ge    0.437500    0.187500    0.062500
Ge    0.375000    0.000000    0.125000
Sn    0.250000    0.125000    0.125000
Ge    0.437500    0.062500    0.187500
Ge    0.312500    0.187500    0.187500
Ge    0.500000    0.000000    0.000000
Ge    0.625000    0.125000    0.000000
Ge    0.562500    0.062500    0.062500
Ge    0.687500    0.187500    0.062500
Ge    0.625000    0.000000    0.125000
Ge    0.500000    0.125000    0.125000
Ge    0.687500    0.062500    0.187500
Ge    0.562500    0.187500    0.187500
Sn    0.750000    0.000000    0.000000
Ge    0.875000    0.125000    0.000000
Ge    0.812500    0.062500    0.062500
Ge    0.937500    0.187500    0.062500
Ge    0.875000    0.000000    0.125000
Ge    0.750000    0.125000    0.125000
Ge    0.937500    0.062500    0.187500
Ge    0.812500    0.187500    0.187500
Ge    0.000000    0.250000    0.000000
Ge    0.125000    0.375000    0.000000
Ge    0.062500    0.312500    0.062500
Ge    0.187500    0.437500    0.062500
Ge    0.125000    0.250000    0.125000
Ge    0.000000    0.375000    0.125000
Sn    0.187500    0.312500    0.187500
Ge    0.062500    0.437500    0.187500
Ge    0.250000    0.250000    0.000000
Ge    0.375000    0.375000    0.000000
Ge    0.312500    0.312500    0.062500
Ge    0.437500    0.437500    0.062500
Sn    0.375000    0.250000    0.125000
Ge    0.250000    0.375000    0.125000
Ge    0.437500    0.312500    0.187500
Ge    0.312500    0.437500    0.187500
Ge    0.500000    0.250000    0.000000
Sn    0.625000    0.375000    0.000000
Ge    0.562500    0.312500    0.062500
Ge    0.687500    0.437500    0.062500
Ge    0.625000    0.250000    0.125000
Ge    0.500000    0.375000    0.125000
Ge    0.687500    0.312500    0.187500
Ge    0.562500    0.437500    0.187500
Ge    0.750000    0.250000    0.000000
Ge    0.875000    0.375000    0.000000
Ge    0.812500    0.312500    0.062500
Sn    0.937500    0.437500    0.062500
Sn    0.875000    0.250000    0.125000
Ge    0.750000    0.375000    0.125000
Ge    0.937500    0.312500    0.187500
Ge    0.812500    0.437500    0.187500
Ge    0.000000    0.500000    0.000000
Ge    0.125000    0.625000    0.000000
Ge    0.062500    0.562500    0.062500
Ge    0.187500    0.687500    0.062500
Ge    0.125000    0.500000    0.125000
Ge    0.000000    0.625000    0.125000
Ge    0.187500    0.562500    0.187500
Ge    0.062500    0.687500    0.187500
Ge    0.250000    0.500000    0.000000
Ge    0.375000    0.625000    0.000000
Ge    0.312500    0.562500    0.062500
Ge    0.437500    0.687500    0.062500
Sn    0.375000    0.500000    0.125000
Ge    0.250000    0.625000    0.125000
Ge    0.437500    0.562500    0.187500
Ge    0.312500    0.687500    0.187500
Ge    0.500000    0.500000    0.000000
Ge    0.625000    0.625000    0.000000
Ge    0.562500    0.562500    0.062500
Ge    0.687500    0.687500    0.062500
Ge    0.625000    0.500000    0.125000
Ge    0.500000    0.625000    0.125000
Ge    0.687500    0.562500    0.187500
Ge    0.562500    0.687500    0.187500
Ge    0.750000    0.500000    0.000000
Ge    0.875000    0.625000    0.000000
Ge    0.812500    0.562500    0.062500
Ge    0.937500    0.687500    0.062500
Ge    0.875000    0.500000    0.125000
Ge    0.750000    0.625000    0.125000
Ge    0.937500    0.562500    0.187500
Ge    0.812500    0.687500    0.187500
Ge    0.000000    0.750000    0.000000
Ge    0.125000    0.875000    0.000000
Ge    0.062500    0.812500    0.062500
Ge    0.187500    0.937500    0.062500
Ge    0.125000    0.750000    0.125000
Sn    0.000000    0.875000    0.125000
Ge    0.187500    0.812500    0.187500
Ge    0.062500    0.937500    0.187500
Ge    0.250000    0.750000    0.000000
Ge    0.375000    0.875000    0.000000
Sn    0.312500    0.812500    0.062500
Ge    0.437500    0.937500    0.062500
Sn    0.375000    0.750000    0.125000
Ge    0.250000    0.875000    0.125000
Ge    0.437500    0.812500    0.187500
Ge    0.312500    0.937500    0.187500
Ge    0.500000    0.750000    0.000000
Ge    0.625000    0.875000    0.000000
Ge    0.562500    0.812500    0.062500
Sn    0.687500    0.937500    0.062500
Sn    0.625000    0.750000    0.125000
Ge    0.500000    0.875000    0.125000
Ge    0.687500    0.812500    0.187500
Ge    0.562500    0.937500    0.187500
Ge    0.750000    0.750000    0.000000
Ge    0.875000    0.875000    0.000000
Ge    0.812500    0.812500    0.062500
Ge    0.937500    0.937500    0.062500
Sn    0.875000    0.750000    0.125000
Ge    0.750000    0.875000    0.125000
Ge    0.937500    0.812500    0.187500
Ge    0.812500    0.937500    0.187500
Ge    0.000000    0.000000    0.250000
Ge    0.125000    0.125000    0.250000
Ge    0.062500    0.062500    0.312500
Ge    0.187500    0.187500    0.312500
Ge    0.125000    0.000000    0.375000
Ge    0.000000    0.125000    0.375000
Ge    0.187500    0.062500    0.437500
Ge    0.062500    0.187500    0.437500
Ge    0.250000    0.000000    0.250000
Ge    0.375000    0.125000    0.250000
Sn    0.312500    0.062500    0.312500
Ge    0.437500    0.187500    0.312500
Ge    0.375000    0.000000    0.375000
Ge    0.250000    0.125000    0.375000
Ge    0.437500    0.062500    0.437500
Ge    0.312500    0.187500    0.437500
Ge    0.500000    0.000000    0.250000
Ge    0.625000    0.125000    0.250000
Ge    0.562500    0.062500    0.312500
Ge    0.687500    0.187500    0.312500
Ge    0.625000    0.000000    0.375000
Sn    0.500000    0.125000    0.375000
Ge    0.687500    0.062500    0.437500
Ge    0.562500    0.187500    0.437500
Ge    0.750000    0.000000    0.250000
Ge    0.875000    0.125000    0.250000
Ge    0.812500    0.062500    0.312500
Ge    0.937500    0.187500    0.312500
Ge    0.875000    0.000000    0.375000
Ge    0.750000    0.125000    0.375000
Sn    0.937500    0.062500    0.437500
Ge    0.812500    0.187500    0.437500
Ge    0.000000    0.250000    0.250000
Sn    0.125000    0.375000    0.250000
Ge    0.062500    0.312500    0.312500
Ge    0.187500    0.437500    0.312500
Ge    0.125000    0.250000    0.375000
Sn    0.000000    0.375000    0.375000
Ge    0.187500    0.312500    0.437500
Ge    0.062500    0.437500    0.437500
Sn    0.250000    0.250000    0.250000
Ge    0.375000    0.375000    0.250000
Ge    0.312500    0.312500    0.312500
Ge    0.437500    0.437500    0.312500
Ge    0.375000    0.250000    0.375000
Ge    0.250000    0.375000    0.375000
Ge    0.437500    0.312500    0.437500
Ge    0.312500    0.437500    0.437500
Ge    0.500000    0.250000    0.250000
Ge    0.625000    0.375000    0.250000
Ge    0.562500    0.312500    0.312500
Ge    0.687500    0.437500    0.312500
Ge    0.625000    0.250000    0.375000
Ge    0.500000    0.375000    0.375000
Ge    0.687500    0.312500    0.437500
Ge    0.562500    0.437500    0.437500
Ge    0.750000    0.250000    0.250000
Ge    0.875000    0.375000    0.250000
Ge    0.812500    0.312500    0.312500
Ge    0.937500    0.437500    0.312500
Sn    0.875000    0.250000    0.375000
Ge    0.750000    0.375000    0.375000
Ge    0.937500    0.312500    0.437500
Ge    0.812500    0.437500    0.437500
Ge    0.000000    0.500000    0.250000
Sn    0.125000    0.625000    0.250000
Ge    0.062500    0.562500    0.312500
Ge    0.187500    0.687500    0.312500
Ge    0.125000    0.500000    0.375000
Ge    0.000000    0.625000    0.375000
Ge    0.187500    0.562500    0.437500
Ge    0.062500    0.687500    0.437500
Ge    0.250000    0.500000    0.250000
Ge    0.375000    0.625000    0.250000
Ge    0.312500    0.562500    0.312500
Ge    0.437500    0.687500    0.312500
Sn    0.375000    0.500000    0.375000
Ge    0.250000    0.625000    0.375000
Ge    0.437500    0.562500    0.437500
Ge    0.312500    0.687500    0.437500
Ge    0.500000    0.500000    0.250000
Ge    0.625000    0.625000    0.250000
Ge    0.562500    0.562500    0.312500
Ge    0.687500    0.687500    0.312500
Ge    0.625000    0.500000    0.375000
Ge    0.500000    0.625000    0.375000
Ge    0.687500    0.562500    0.437500
Ge    0.562500    0.687500    0.437500
Ge    0.750000    0.500000    0.250000
Ge    0.875000    0.625000    0.250000
Ge    0.812500    0.562500    0.312500
Ge    0.937500    0.687500    0.312500
Ge    0.875000    0.500000    0.375000
Ge    0.750000    0.625000    0.375000
Sn    0.937500    0.562500    0.437500
Ge    0.812500    0.687500    0.437500
Sn    0.000000    0.750000    0.250000
Ge    0.125000    0.875000    0.250000
Ge    0.062500    0.812500    0.312500
Ge    0.187500    0.937500    0.312500
Ge    0.125000    0.750000    0.375000
Ge    0.000000    0.875000    0.375000
Ge    0.187500    0.812500    0.437500
Sn    0.062500    0.937500    0.437500
Ge    0.250000    0.750000    0.250000
Ge    0.375000    0.875000    0.250000
Ge    0.312500    0.812500    0.312500
Ge    0.437500    0.937500    0.312500
Sn    0.375000    0.750000    0.375000
Ge    0.250000    0.875000    0.375000
Ge    0.437500    0.812500    0.437500
Ge    0.312500    0.937500    0.437500
Ge    0.500000    0.750000    0.250000
Ge    0.625000    0.875000    0.250000
Ge    0.562500    0.812500    0.312500
Ge    0.687500    0.937500    0.312500
Sn    0.625000    0.750000    0.375000
Ge    0.500000    0.875000    0.375000
Ge    0.687500    0.812500    0.437500
Ge    0.562500    0.937500    0.437500
Ge    0.750000    0.750000    0.250000
Ge    0.875000    0.875000    0.250000
Ge    0.812500    0.812500    0.312500
Ge    0.937500    0.937500    0.312500
Ge    0.875000    0.750000    0.375000
Ge    0.750000    0.875000    0.375000
Ge    0.937500    0.812500    0.437500
Ge    0.812500    0.937500    0.437500
Ge    0.000000    0.000000    0.500000
Ge    0.125000    0.125000    0.500000
Ge    0.062500    0.062500    0.562500
Ge    0.187500    0.187500    0.562500
Ge    0.125000    0.000000    0.625000
Ge    0.000000    0.125000    0.625000
Ge    0.187500    0.062500    0.687500
Sn    0.062500    0.187500    0.687500
Ge    0.250000    0.000000    0.500000
Ge    0.375000    0.125000    0.500000
Ge    0.312500    0.062500    0.562500
Sn    0.437500    0.187500    0.562500
Ge    0.375000    0.000000    0.625000
Ge    0.250000    0.125000    0.625000
Ge    0.437500    0.062500    0.687500
Sn    0.312500    0.187500    0.687500
Ge    0.500000    0.000000    0.500000
Ge    0.625000    0.125000    0.500000
Ge    0.562500    0.062500    0.562500
Ge    0.687500    0.187500    0.562500
Ge    0.625000    0.000000    0.625000
Ge    0.500000    0.125000    0.625000
Ge    0.687500    0.062500    0.687500
Ge    0.562500    0.187500    0.687500
Ge    0.750000    0.000000    0.500000
Ge    0.875000    0.125000    0.500000
Ge    0.812500    0.062500    0.562500
Ge    0.937500    0.187500    0.562500
Ge    0.875000    0.000000    0.625000
Ge    0.750000    0.125000    0.625000
Sn    0.937500    0.062500    0.687500
Ge    0.812500    0.187500    0.687500
Sn    0.000000    0.250000    0.500000
Ge    0.125000    0.375000    0.500000
Ge    0.062500    0.312500    0.562500
Ge    0.187500    0.437500    0.562500
Ge    0.125000    0.250000    0.625000
Ge    0.000000    0.375000    0.625000
Ge    0.187500    0.312500    0.687500
Ge    0.062500    0.437500    0.687500
Ge    0.250000    0.250000    0.500000
Ge    0.375000    0.375000    0.500000
Ge    0.312500    0.312500    0.562500
Ge    0.437500    0.437500    0.562500
Ge    0.375000    0.250000    0.625000
Ge    0.250000    0.375000    0.625000
Ge    0.437500    0.312500    0.687500
Ge    0.312500    0.437500    0.687500
Ge    0.500000    0.250000    0.500000
Ge    0.625000    0.375000    0.500000
Ge    0.562500    0.312500    0.562500
Ge    0.687500    0.437500    0.562500
Ge    0.625000    0.250000    0.625000
Ge    0.500000    0.375000    0.625000
Ge    0.687500    0.312500    0.687500
Ge    0.562500    0.437500    0.687500
Ge    0.750000    0.250000    0.500000
Ge    0.875000    0.375000    0.500000
Ge    0.812500    0.312500    0.562500
Ge    0.937500    0.437500    0.562500
Ge    0.875000    0.250000    0.625000
Ge    0.750000    0.375000    0.625000
Ge    0.937500    0.312500    0.687500
Sn    0.812500    0.437500    0.687500
Ge    0.000000    0.500000    0.500000
Ge    0.125000    0.625000    0.500000
Ge    0.062500    0.562500    0.562500
Ge    0.187500    0.687500    0.562500
Ge    0.125000    0.500000    0.625000
Ge    0.000000    0.625000    0.625000
Sn    0.187500    0.562500    0.687500
Ge    0.062500    0.687500    0.687500
Ge    0.250000    0.500000    0.500000
Ge    0.375000    0.625000    0.500000
Ge    0.312500    0.562500    0.562500
Ge    0.437500    0.687500    0.562500
Ge    0.375000    0.500000    0.625000
Ge    0.250000    0.625000    0.625000
Sn    0.437500    0.562500    0.687500
Ge    0.312500    0.687500    0.687500
Ge    0.500000    0.500000    0.500000
Ge    0.625000    0.625000    0.500000
Ge    0.562500    0.562500    0.562500
Ge    0.687500    0.687500    0.562500
Ge    0.625000    0.500000    0.625000
Ge    0.500000    0.625000    0.625000
Ge    0.687500    0.562500    0.687500
Ge    0.562500    0.687500    0.687500
Ge    0.750000    0.500000    0.500000
Ge    0.875000    0.625000    0.500000
Ge    0.812500    0.562500    0.562500
Ge    0.937500    0.687500    0.562500
Ge    0.875000    0.500000    0.625000
Ge    0.750000    0.625000    0.625000
Ge    0.937500    0.562500    0.687500
Ge    0.812500    0.687500    0.687500
Ge    0.000000    0.750000    0.500000
Ge    0.125000    0.875000    0.500000
Ge    0.062500    0.812500    0.562500
Ge    0.187500    0.937500    0.562500
Ge    0.125000    0.750000    0.625000
Ge    0.000000    0.875000    0.625000
Ge    0.187500    0.812500    0.687500
Ge    0.062500    0.937500    0.687500
Ge    0.250000    0.750000    0.500000
Ge    0.375000    0.875000    0.500000
Ge    0.312500    0.812500    0.562500
Ge    0.437500    0.937500    0.562500
Ge    0.375000    0.750000    0.625000
Ge    0.250000    0.875000    0.625000
Ge    0.437500    0.812500    0.687500
Ge    0.312500    0.937500    0.687500
Ge    0.500000    0.750000    0.500000
Ge    0.625000    0.875000    0.500000
Ge    0.562500    0.812500    0.562500
Ge    0.687500    0.937500    0.562500
Ge    0.625000    0.750000    0.625000
Ge    0.500000    0.875000    0.625000
Ge    0.687500    0.812500    0.687500
Ge    0.562500    0.937500    0.687500
Ge    0.750000    0.750000    0.500000
Sn    0.875000    0.875000    0.500000
Ge    0.812500    0.812500    0.562500
Ge    0.937500    0.937500    0.562500
Ge    0.875000    0.750000    0.625000
Sn    0.750000    0.875000    0.625000
Ge    0.937500    0.812500    0.687500
Ge    0.812500    0.937500    0.687500
Ge    0.000000    0.000000    0.750000
Ge    0.125000    0.125000    0.750000
Ge    0.062500    0.062500    0.812500
Ge    0.187500    0.187500    0.812500
Ge    0.125000    0.000000    0.875000
Ge    0.000000    0.125000    0.875000
Ge    0.187500    0.062500    0.937500
Ge    0.062500    0.187500    0.937500
Ge    0.250000    0.000000    0.750000
Ge    0.375000    0.125000    0.750000
Ge    0.312500    0.062500    0.812500
Ge    0.437500    0.187500    0.812500
Ge    0.375000    0.000000    0.875000
Ge    0.250000    0.125000    0.875000
Ge    0.437500    0.062500    0.937500
Ge    0.312500    0.187500    0.937500
Ge    0.500000    0.000000    0.750000
Ge    0.625000    0.125000    0.750000
Ge    0.562500    0.062500    0.812500
Sn    0.687500    0.187500    0.812500
Ge    0.625000    0.000000    0.875000
Ge    0.500000    0.125000    0.875000
Ge    0.687500    0.062500    0.937500
Ge    0.562500    0.187500    0.937500
Ge    0.750000    0.000000    0.750000
Ge    0.875000    0.125000    0.750000
Ge    0.812500    0.062500    0.812500
Ge    0.937500    0.187500    0.812500
Ge    0.875000    0.000000    0.875000
Ge    0.750000    0.125000    0.875000
Sn    0.937500    0.062500    0.937500
Ge    0.812500    0.187500    0.937500
Ge    0.000000    0.250000    0.750000
Sn    0.125000    0.375000    0.750000
Ge    0.062500    0.312500    0.812500
Ge    0.187500    0.437500    0.812500
Ge    0.125000    0.250000    0.875000
Ge    0.000000    0.375000    0.875000
Ge    0.187500    0.312500    0.937500
Sn    0.062500    0.437500    0.937500
Ge    0.250000    0.250000    0.750000
Ge    0.375000    0.375000    0.750000
Ge    0.312500    0.312500    0.812500
Ge    0.437500    0.437500    0.812500
Sn    0.375000    0.250000    0.875000
Ge    0.250000    0.375000    0.875000
Ge    0.437500    0.312500    0.937500
Ge    0.312500    0.437500    0.937500
Ge    0.500000    0.250000    0.750000
Ge    0.625000    0.375000    0.750000
Ge    0.562500    0.312500    0.812500
Ge    0.687500    0.437500    0.812500
Ge    0.625000    0.250000    0.875000
Ge    0.500000    0.375000    0.875000
Ge    0.687500    0.312500    0.937500
Sn    0.562500    0.437500    0.937500
Ge    0.750000    0.250000    0.750000
Ge    0.875000    0.375000    0.750000
Sn    0.812500    0.312500    0.812500
Ge    0.937500    0.437500    0.812500
Ge    0.875000    0.250000    0.875000
Ge    0.750000    0.375000    0.875000
Ge    0.937500    0.312500    0.937500
Ge    0.812500    0.437500    0.937500
Ge    0.000000    0.500000    0.750000
Sn    0.125000    0.625000    0.750000
Ge    0.062500    0.562500    0.812500
Ge    0.187500    0.687500    0.812500
Ge    0.125000    0.500000    0.875000
Ge    0.000000    0.625000    0.875000
Ge    0.187500    0.562500    0.937500
Ge    0.062500    0.687500    0.937500
Sn    0.250000    0.500000    0.750000
Ge    0.375000    0.625000    0.750000
Ge    0.312500    0.562500    0.812500
Ge    0.437500    0.687500    0.812500
Ge    0.375000    0.500000    0.875000
Ge    0.250000    0.625000    0.875000
Ge    0.437500    0.562500    0.937500
Ge    0.312500    0.687500    0.937500
Sn    0.500000    0.500000    0.750000
Ge    0.625000    0.625000    0.750000
Ge    0.562500    0.562500    0.812500
Ge    0.687500    0.687500    0.812500
Ge    0.625000    0.500000    0.875000
Sn    0.500000    0.625000    0.875000
Ge    0.687500    0.562500    0.937500
Ge    0.562500    0.687500    0.937500
Ge    0.750000    0.500000    0.750000
Ge    0.875000    0.625000    0.750000
Ge    0.812500    0.562500    0.812500
Ge    0.937500    0.687500    0.812500
Ge    0.875000    0.500000    0.875000
Ge    0.750000    0.625000    0.875000
Ge    0.937500    0.562500    0.937500
Ge    0.812500    0.687500    0.937500
Ge    0.000000    0.750000    0.750000
Sn    0.125000    0.875000    0.750000
Ge    0.062500    0.812500    0.812500
Ge    0.187500    0.937500    0.812500
Ge    0.125000    0.750000    0.875000
Ge    0.000000    0.875000    0.875000
Ge    0.187500    0.812500    0.937500
Ge    0.062500    0.937500    0.937500
Ge    0.250000    0.750000    0.750000
Sn    0.375000    0.875000    0.750000
Ge    0.312500    0.812500    0.812500
Ge    0.437500    0.937500    0.812500
Ge    0.375000    0.750000    0.875000
Ge    0.250000    0.875000    0.875000
Ge    0.437500    0.812500    0.937500
Ge    0.312500    0.937500    0.937500
Ge    0.500000    0.750000    0.750000
Ge    0.625000    0.875000    0.750000
Ge    0.562500    0.812500    0.812500
Ge    0.687500    0.937500    0.812500
Ge    0.625000    0.750000    0.875000
Ge    0.500000    0.875000    0.875000
Ge    0.687500    0.812500    0.937500
Ge    0.562500    0.937500    0.937500
Sn    0.750000    0.750000    0.750000
Ge    0.875000    0.875000    0.750000
Ge    0.812500    0.812500    0.812500
Ge    0.937500    0.937500    0.812500
Sn    0.875000    0.750000    0.875000
Ge    0.750000    0.875000    0.875000
Ge    0.937500    0.812500    0.937500
Ge    0.812500    0.937500    0.937500
atoms_fractional