### FeSi2

cell 11.71 11.71 44.406692
boundary 1

ngps 12 12 44

element  Fe  4s* 2 4p* 3d 6 | 2.3
element  Si  3s* 2 3p* 2 | 1.8


acsale 1
atoms
26     3.99979558     0.00000000     0.00000000
26    -3.99979558     0.00000000     0.00000000
26     5.31939246     0.00000000     7.40111535
26    -5.31939246     0.00000000     7.40111535
26     5.31939246     0.00000000    -7.40111535
26    -5.31939246     0.00000000    -7.40111535
26     3.99979558     0.00000000    14.80223069
26    -3.99979558     0.00000000    14.80223069
26     3.99979558     0.00000000   -14.80223069
26    -3.99979558     0.00000000   -14.80223069
26     5.31939246     0.00000000    22.20334604
26    -5.31939246     0.00000000    22.20334604
26     0.00000000    -2.81795581     2.73989298
26     0.00000000     2.81795581    -2.73989298
26     0.00000000     4.54347524     4.66122236
26     0.00000000    -4.54347524    -4.66122236
26     0.00000000    -4.54347524    10.14100833
26     0.00000000     4.54347524   -10.14100833
26     0.00000000     2.81795581    12.06233771
26     0.00000000    -2.81795581   -12.06233771
26     0.00000000    -2.81795581    17.54212368
26     0.00000000     2.81795581   -17.54212368
26     0.00000000     4.54347524    19.46345306
26     0.00000000    -4.54347524   -19.46345306
14     2.38943984     4.04289793     0.76379514
14    -2.38943984     4.04289793     0.76379514
14     2.38943984    -4.04289793    -0.76379514
14    -2.38943984    -4.04289793    -0.76379514
14     2.38943984    -3.31853312     6.63732020
14    -2.38943984    -3.31853312     6.63732020
14     2.38943984     3.31853312    -6.63732020
14    -2.38943984     3.31853312    -6.63732020
14     2.38943984     3.31853312     8.16491049
14    -2.38943984     3.31853312     8.16491049
14     2.38943984    -3.31853312    -8.16491049
14    -2.38943984    -3.31853312    -8.16491049
14     2.38943984    -4.04289793    14.03843555
14    -2.38943984    -4.04289793    14.03843555
14     2.38943984     4.04289793   -14.03843555
14    -2.38943984     4.04289793   -14.03843555
14     2.38943984     4.04289793    15.56602584
14    -2.38943984     4.04289793    15.56602584
14     2.38943984    -4.04289793   -15.56602584
14    -2.38943984    -4.04289793   -15.56602584
14     2.38943984    -3.31853312    21.43955090
14    -2.38943984    -3.31853312    21.43955090
14     2.38943984     3.31853312   -21.43955090
14    -2.38943984     3.31853312   -21.43955090
14     2.37266534     0.66252879     4.05433097
14    -2.37266534     0.66252879     4.05433097
14     2.37266534    -0.66252879    -4.05433097
14    -2.37266534    -0.66252879    -4.05433097
14     6.94652269     0.66252879     3.34678438
14     6.94652269    -0.66252879    -3.34678438
14    -6.94652269     0.66252879     3.34678438
14    -6.94652269    -0.66252879    -3.34678438
14     2.37266534    -0.66252879    10.74789972
14    -2.37266534    -0.66252879    10.74789972
14     2.37266534     0.66252879   -10.74789972
14    -2.37266534     0.66252879   -10.74789972
14     6.94652269    -0.66252879    11.45544632
14    -6.94652269    -0.66252879    11.45544632
14     6.94652269     0.66252879   -11.45544632
14    -6.94652269     0.66252879   -11.45544632
14     2.37266534     0.66252879    18.85656167
14    -2.37266534     0.66252879    18.85656167
14     2.37266534    -0.66252879   -18.85656167
14    -2.37266534    -0.66252879   -18.85656167
14     6.94652269     0.66252879    18.14901507
14    -6.94652269     0.66252879    18.14901507
14     6.94652269    -0.66252879   -18.14901507
14    -6.94652269    -0.66252879   -18.14901507
atoms


